2021/03/20-23:27:28.207745 7f59feb90700 RocksDB version: 6.15.5
2021/03/20-23:27:28.207783 7f59feb90700 Git sha rocksdb_build_git_sha:
2021/03/20-23:27:28.207786 7f59feb90700 Compile date Mar 13 2021
2021/03/20-23:27:28.207858 7f59feb90700 DB SUMMARY
2021/03/20-23:27:28.207863 7f59feb90700 DB Session ID:  TVB1ZC2QOQ7SGNV8U74E
2021/03/20-23:27:28.207966 7f59feb90700 CURRENT file:  CURRENT
2021/03/20-23:27:28.207970 7f59feb90700 IDENTITY file:  IDENTITY
2021/03/20-23:27:28.207981 7f59feb90700 MANIFEST file:  MANIFEST-000338 size: 62 Bytes
2021/03/20-23:27:28.207985 7f59feb90700 SST files in ./db/8 dir, Total Num: 0, files: 
2021/03/20-23:27:28.207987 7f59feb90700 Write Ahead Log file in ./db/8: 000339.log size: 0 ; 
2021/03/20-23:27:28.207992 7f59feb90700                         Options.error_if_exists: 0
2021/03/20-23:27:28.207995 7f59feb90700                       Options.create_if_missing: 1
2021/03/20-23:27:28.207996 7f59feb90700                         Options.paranoid_checks: 1
2021/03/20-23:27:28.207998 7f59feb90700                               Options.track_and_verify_wals_in_manifest: 0
2021/03/20-23:27:28.208000 7f59feb90700                                     Options.env: 0x7f59cd890400
2021/03/20-23:27:28.208002 7f59feb90700                                      Options.fs: Posix File System
2021/03/20-23:27:28.208004 7f59feb90700                                Options.info_log: 0x7f59f4404040
2021/03/20-23:27:28.208006 7f59feb90700                Options.max_file_opening_threads: 16
2021/03/20-23:27:28.208007 7f59feb90700                              Options.statistics: (nil)
2021/03/20-23:27:28.208010 7f59feb90700                               Options.use_fsync: 0
2021/03/20-23:27:28.208011 7f59feb90700                       Options.max_log_file_size: 0
2021/03/20-23:27:28.208013 7f59feb90700                  Options.max_manifest_file_size: 1073741824
2021/03/20-23:27:28.208015 7f59feb90700                   Options.log_file_time_to_roll: 0
2021/03/20-23:27:28.208018 7f59feb90700                       Options.keep_log_file_num: 1000
2021/03/20-23:27:28.208020 7f59feb90700                    Options.recycle_log_file_num: 0
2021/03/20-23:27:28.208021 7f59feb90700                         Options.allow_fallocate: 1
2021/03/20-23:27:28.208023 7f59feb90700                        Options.allow_mmap_reads: 0
2021/03/20-23:27:28.208025 7f59feb90700                       Options.allow_mmap_writes: 0
2021/03/20-23:27:28.208027 7f59feb90700                        Options.use_direct_reads: 0
2021/03/20-23:27:28.208029 7f59feb90700                        Options.use_direct_io_for_flush_and_compaction: 0
2021/03/20-23:27:28.208030 7f59feb90700          Options.create_missing_column_families: 0
2021/03/20-23:27:28.208033 7f59feb90700                              Options.db_log_dir: 
2021/03/20-23:27:28.208035 7f59feb90700                                 Options.wal_dir: ./db/8
2021/03/20-23:27:28.208036 7f59feb90700                Options.table_cache_numshardbits: 6
2021/03/20-23:27:28.208039 7f59feb90700                         Options.WAL_ttl_seconds: 0
2021/03/20-23:27:28.208040 7f59feb90700                       Options.WAL_size_limit_MB: 0
2021/03/20-23:27:28.208042 7f59feb90700                        Options.max_write_batch_group_size_bytes: 1048576
2021/03/20-23:27:28.208044 7f59feb90700             Options.manifest_preallocation_size: 4194304
2021/03/20-23:27:28.208046 7f59feb90700                     Options.is_fd_close_on_exec: 1
2021/03/20-23:27:28.208048 7f59feb90700                   Options.advise_random_on_open: 1
2021/03/20-23:27:28.208050 7f59feb90700                    Options.db_write_buffer_size: 0
2021/03/20-23:27:28.208051 7f59feb90700                    Options.write_buffer_manager: 0x7f59f43bd780
2021/03/20-23:27:28.208053 7f59feb90700         Options.access_hint_on_compaction_start: 1
2021/03/20-23:27:28.208054 7f59feb90700  Options.new_table_reader_for_compaction_inputs: 0
2021/03/20-23:27:28.208056 7f59feb90700           Options.random_access_max_buffer_size: 1048576
2021/03/20-23:27:28.208058 7f59feb90700                      Options.use_adaptive_mutex: 0
2021/03/20-23:27:28.208059 7f59feb90700                            Options.rate_limiter: (nil)
2021/03/20-23:27:28.208078 7f59feb90700     Options.sst_file_manager.rate_bytes_per_sec: 0
2021/03/20-23:27:28.208081 7f59feb90700                       Options.wal_recovery_mode: 2
2021/03/20-23:27:28.208082 7f59feb90700                  Options.enable_thread_tracking: 0
2021/03/20-23:27:28.208084 7f59feb90700                  Options.enable_pipelined_write: 0
2021/03/20-23:27:28.208086 7f59feb90700                  Options.unordered_write: 0
2021/03/20-23:27:28.208088 7f59feb90700         Options.allow_concurrent_memtable_write: 1
2021/03/20-23:27:28.208089 7f59feb90700      Options.enable_write_thread_adaptive_yield: 1
2021/03/20-23:27:28.208091 7f59feb90700             Options.write_thread_max_yield_usec: 100
2021/03/20-23:27:28.208093 7f59feb90700            Options.write_thread_slow_yield_usec: 3
2021/03/20-23:27:28.208094 7f59feb90700                               Options.row_cache: None
2021/03/20-23:27:28.208096 7f59feb90700                              Options.wal_filter: None
2021/03/20-23:27:28.208098 7f59feb90700             Options.avoid_flush_during_recovery: 0
2021/03/20-23:27:28.208099 7f59feb90700             Options.allow_ingest_behind: 0
2021/03/20-23:27:28.208101 7f59feb90700             Options.preserve_deletes: 0
2021/03/20-23:27:28.208102 7f59feb90700             Options.two_write_queues: 0
2021/03/20-23:27:28.208104 7f59feb90700             Options.manual_wal_flush: 0
2021/03/20-23:27:28.208105 7f59feb90700             Options.atomic_flush: 0
2021/03/20-23:27:28.208107 7f59feb90700             Options.avoid_unnecessary_blocking_io: 0
2021/03/20-23:27:28.208108 7f59feb90700                 Options.persist_stats_to_disk: 0
2021/03/20-23:27:28.208110 7f59feb90700                 Options.write_dbid_to_manifest: 0
2021/03/20-23:27:28.208112 7f59feb90700                 Options.log_readahead_size: 0
2021/03/20-23:27:28.208113 7f59feb90700                 Options.file_checksum_gen_factory: Unknown
2021/03/20-23:27:28.208115 7f59feb90700                 Options.best_efforts_recovery: 0
2021/03/20-23:27:28.208117 7f59feb90700                Options.max_bgerror_resume_count: 2147483647
2021/03/20-23:27:28.208119 7f59feb90700            Options.bgerror_resume_retry_interval: 1000000
2021/03/20-23:27:28.208121 7f59feb90700             Options.allow_data_in_errors: 0
2021/03/20-23:27:28.208122 7f59feb90700             Options.db_host_id: __hostname__
2021/03/20-23:27:28.208124 7f59feb90700             Options.max_background_jobs: 2
2021/03/20-23:27:28.208126 7f59feb90700             Options.max_background_compactions: -1
2021/03/20-23:27:28.208128 7f59feb90700             Options.max_subcompactions: 1
2021/03/20-23:27:28.208130 7f59feb90700             Options.avoid_flush_during_shutdown: 0
2021/03/20-23:27:28.208132 7f59feb90700           Options.writable_file_max_buffer_size: 1048576
2021/03/20-23:27:28.208134 7f59feb90700             Options.delayed_write_rate : 16777216
2021/03/20-23:27:28.208136 7f59feb90700             Options.max_total_wal_size: 0
2021/03/20-23:27:28.208137 7f59feb90700             Options.delete_obsolete_files_period_micros: 21600000000
2021/03/20-23:27:28.208139 7f59feb90700                   Options.stats_dump_period_sec: 600
2021/03/20-23:27:28.208141 7f59feb90700                 Options.stats_persist_period_sec: 600
2021/03/20-23:27:28.208143 7f59feb90700                 Options.stats_history_buffer_size: 1048576
2021/03/20-23:27:28.208145 7f59feb90700                          Options.max_open_files: -1
2021/03/20-23:27:28.208147 7f59feb90700                          Options.bytes_per_sync: 0
2021/03/20-23:27:28.208149 7f59feb90700                      Options.wal_bytes_per_sync: 0
2021/03/20-23:27:28.208151 7f59feb90700                   Options.strict_bytes_per_sync: 0
2021/03/20-23:27:28.208153 7f59feb90700       Options.compaction_readahead_size: 0
2021/03/20-23:27:28.208155 7f59feb90700                  Options.max_background_flushes: -1
2021/03/20-23:27:28.208157 7f59feb90700 Compression algorithms supported:
2021/03/20-23:27:28.208172 7f59feb90700 	kZSTDNotFinalCompression supported: 1
2021/03/20-23:27:28.208175 7f59feb90700 	kZSTD supported: 1
2021/03/20-23:27:28.208177 7f59feb90700 	kXpressCompression supported: 0
2021/03/20-23:27:28.208179 7f59feb90700 	kLZ4HCCompression supported: 1
2021/03/20-23:27:28.208181 7f59feb90700 	kLZ4Compression supported: 1
2021/03/20-23:27:28.208183 7f59feb90700 	kBZip2Compression supported: 1
2021/03/20-23:27:28.208185 7f59feb90700 	kZlibCompression supported: 1
2021/03/20-23:27:28.208187 7f59feb90700 	kSnappyCompression supported: 1
2021/03/20-23:27:28.208193 7f59feb90700 Fast CRC32 supported: Not supported on x86
2021/03/20-23:27:28.208273 7f59feb90700 [/version_set.cc:4725] Recovering from manifest file: ./db/8/MANIFEST-000338
2021/03/20-23:27:28.208428 7f59feb90700 [/column_family.cc:597] --------------- Options for column family [default]:
2021/03/20-23:27:28.208436 7f59feb90700               Options.comparator: leveldb.BytewiseComparator
2021/03/20-23:27:28.208438 7f59feb90700           Options.merge_operator: None
2021/03/20-23:27:28.208444 7f59feb90700        Options.compaction_filter: None
2021/03/20-23:27:28.208447 7f59feb90700        Options.compaction_filter_factory: None
2021/03/20-23:27:28.208450 7f59feb90700  Options.sst_partitioner_factory: None
2021/03/20-23:27:28.208452 7f59feb90700         Options.memtable_factory: SkipListFactory
2021/03/20-23:27:28.208454 7f59feb90700            Options.table_factory: BlockBasedTable
2021/03/20-23:27:28.208496 7f59feb90700            table_factory options:   flush_block_policy_factory: FlushBlockBySizePolicyFactory (0x7f59f423be80)
  cache_index_and_filter_blocks: 0
  cache_index_and_filter_blocks_with_high_priority: 1
  pin_l0_filter_and_index_blocks_in_cache: 0
  pin_top_level_index_and_filter: 1
  index_type: 0
  data_block_index_type: 0
  index_shortening: 1
  data_block_hash_table_util_ratio: 0.750000
  hash_index_allow_collision: 1
  checksum: 1
  no_block_cache: 0
  block_cache: 0x7f59f4229c80
  block_cache_name: LRUCache
  block_cache_options:
    capacity : 8388608
    num_shard_bits : 4
    strict_capacity_limit : 0
    memory_allocator : None
    high_pri_pool_ratio: 0.000
  block_cache_compressed: (nil)
  persistent_cache: (nil)
  block_size: 4096
  block_size_deviation: 10
  block_restart_interval: 16
  index_block_restart_interval: 1
  metadata_block_size: 4096
  partition_filters: 0
  use_delta_encoding: 1
  filter_policy: nullptr
  whole_key_filtering: 1
  verify_compression: 0
  read_amp_bytes_per_bit: 0
  format_version: 4
  enable_index_compression: 1
  block_align: 0
2021/03/20-23:27:28.208505 7f59feb90700        Options.write_buffer_size: 67108864
2021/03/20-23:27:28.208508 7f59feb90700  Options.max_write_buffer_number: 2
2021/03/20-23:27:28.208510 7f59feb90700          Options.compression: Snappy
2021/03/20-23:27:28.208512 7f59feb90700                  Options.bottommost_compression: Disabled
2021/03/20-23:27:28.208514 7f59feb90700       Options.prefix_extractor: nullptr
2021/03/20-23:27:28.208516 7f59feb90700   Options.memtable_insert_with_hint_prefix_extractor: nullptr
2021/03/20-23:27:28.208518 7f59feb90700             Options.num_levels: 7
2021/03/20-23:27:28.208520 7f59feb90700        Options.min_write_buffer_number_to_merge: 1
2021/03/20-23:27:28.208522 7f59feb90700     Options.max_write_buffer_number_to_maintain: 0
2021/03/20-23:27:28.208524 7f59feb90700     Options.max_write_buffer_size_to_maintain: 0
2021/03/20-23:27:28.208526 7f59feb90700            Options.bottommost_compression_opts.window_bits: -14
2021/03/20-23:27:28.208528 7f59feb90700                  Options.bottommost_compression_opts.level: 32767
2021/03/20-23:27:28.208530 7f59feb90700               Options.bottommost_compression_opts.strategy: 0
2021/03/20-23:27:28.208532 7f59feb90700         Options.bottommost_compression_opts.max_dict_bytes: 0
2021/03/20-23:27:28.208534 7f59feb90700         Options.bottommost_compression_opts.zstd_max_train_bytes: 0
2021/03/20-23:27:28.208535 7f59feb90700         Options.bottommost_compression_opts.parallel_threads: 1
2021/03/20-23:27:28.208553 7f59feb90700                  Options.bottommost_compression_opts.enabled: false
2021/03/20-23:27:28.208556 7f59feb90700            Options.compression_opts.window_bits: -14
2021/03/20-23:27:28.208558 7f59feb90700                  Options.compression_opts.level: 32767
2021/03/20-23:27:28.208560 7f59feb90700               Options.compression_opts.strategy: 0
2021/03/20-23:27:28.208562 7f59feb90700         Options.compression_opts.max_dict_bytes: 0
2021/03/20-23:27:28.208563 7f59feb90700         Options.compression_opts.zstd_max_train_bytes: 0
2021/03/20-23:27:28.208565 7f59feb90700         Options.compression_opts.parallel_threads: 1
2021/03/20-23:27:28.208567 7f59feb90700                  Options.compression_opts.enabled: false
2021/03/20-23:27:28.208573 7f59feb90700      Options.level0_file_num_compaction_trigger: 4
2021/03/20-23:27:28.208576 7f59feb90700          Options.level0_slowdown_writes_trigger: 20
2021/03/20-23:27:28.208579 7f59feb90700              Options.level0_stop_writes_trigger: 36
2021/03/20-23:27:28.208581 7f59feb90700                   Options.target_file_size_base: 67108864
2021/03/20-23:27:28.208584 7f59feb90700             Options.target_file_size_multiplier: 1
2021/03/20-23:27:28.208586 7f59feb90700                Options.max_bytes_for_level_base: 268435456
2021/03/20-23:27:28.208588 7f59feb90700 Options.level_compaction_dynamic_level_bytes: 0
2021/03/20-23:27:28.208590 7f59feb90700          Options.max_bytes_for_level_multiplier: 10.000000
2021/03/20-23:27:28.208594 7f59feb90700 Options.max_bytes_for_level_multiplier_addtl[0]: 1
2021/03/20-23:27:28.208596 7f59feb90700 Options.max_bytes_for_level_multiplier_addtl[1]: 1
2021/03/20-23:27:28.208598 7f59feb90700 Options.max_bytes_for_level_multiplier_addtl[2]: 1
2021/03/20-23:27:28.208600 7f59feb90700 Options.max_bytes_for_level_multiplier_addtl[3]: 1
2021/03/20-23:27:28.208602 7f59feb90700 Options.max_bytes_for_level_multiplier_addtl[4]: 1
2021/03/20-23:27:28.208604 7f59feb90700 Options.max_bytes_for_level_multiplier_addtl[5]: 1
2021/03/20-23:27:28.208606 7f59feb90700 Options.max_bytes_for_level_multiplier_addtl[6]: 1
2021/03/20-23:27:28.208609 7f59feb90700       Options.max_sequential_skip_in_iterations: 8
2021/03/20-23:27:28.208611 7f59feb90700                    Options.max_compaction_bytes: 1677721600
2021/03/20-23:27:28.208614 7f59feb90700                        Options.arena_block_size: 8388608
2021/03/20-23:27:28.208616 7f59feb90700   Options.soft_pending_compaction_bytes_limit: 68719476736
2021/03/20-23:27:28.208618 7f59feb90700   Options.hard_pending_compaction_bytes_limit: 274877906944
2021/03/20-23:27:28.208620 7f59feb90700       Options.rate_limit_delay_max_milliseconds: 100
2021/03/20-23:27:28.208622 7f59feb90700                Options.disable_auto_compactions: 0
2021/03/20-23:27:28.208625 7f59feb90700                        Options.compaction_style: kCompactionStyleLevel
2021/03/20-23:27:28.208627 7f59feb90700                          Options.compaction_pri: kMinOverlappingRatio
2021/03/20-23:27:28.208629 7f59feb90700 Options.compaction_options_universal.size_ratio: 1
2021/03/20-23:27:28.208631 7f59feb90700 Options.compaction_options_universal.min_merge_width: 2
2021/03/20-23:27:28.208633 7f59feb90700 Options.compaction_options_universal.max_merge_width: 4294967295
2021/03/20-23:27:28.208635 7f59feb90700 Options.compaction_options_universal.max_size_amplification_percent: 200
2021/03/20-23:27:28.208637 7f59feb90700 Options.compaction_options_universal.compression_size_percent: -1
2021/03/20-23:27:28.208640 7f59feb90700 Options.compaction_options_universal.stop_style: kCompactionStopStyleTotalSize
2021/03/20-23:27:28.208642 7f59feb90700 Options.compaction_options_fifo.max_table_files_size: 1073741824
2021/03/20-23:27:28.208644 7f59feb90700 Options.compaction_options_fifo.allow_compaction: 0
2021/03/20-23:27:28.208652 7f59feb90700                   Options.table_properties_collectors: 
2021/03/20-23:27:28.208654 7f59feb90700                   Options.inplace_update_support: 0
2021/03/20-23:27:28.208656 7f59feb90700                 Options.inplace_update_num_locks: 10000
2021/03/20-23:27:28.208673 7f59feb90700               Options.memtable_prefix_bloom_size_ratio: 0.000000
2021/03/20-23:27:28.208676 7f59feb90700               Options.memtable_whole_key_filtering: 0
2021/03/20-23:27:28.208679 7f59feb90700   Options.memtable_huge_page_size: 0
2021/03/20-23:27:28.208681 7f59feb90700                           Options.bloom_locality: 0
2021/03/20-23:27:28.208683 7f59feb90700                    Options.max_successive_merges: 0
2021/03/20-23:27:28.208685 7f59feb90700                Options.optimize_filters_for_hits: 0
2021/03/20-23:27:28.208687 7f59feb90700                Options.paranoid_file_checks: 0
2021/03/20-23:27:28.208689 7f59feb90700                Options.force_consistency_checks: 1
2021/03/20-23:27:28.208691 7f59feb90700                Options.report_bg_io_stats: 0
2021/03/20-23:27:28.208694 7f59feb90700                               Options.ttl: 2592000
2021/03/20-23:27:28.208696 7f59feb90700          Options.periodic_compaction_seconds: 0
2021/03/20-23:27:28.208698 7f59feb90700                    Options.enable_blob_files: false
2021/03/20-23:27:28.208700 7f59feb90700                        Options.min_blob_size: 0
2021/03/20-23:27:28.208702 7f59feb90700                       Options.blob_file_size: 268435456
2021/03/20-23:27:28.208705 7f59feb90700                Options.blob_compression_type: NoCompression
2021/03/20-23:27:28.208707 7f59feb90700       Options.enable_blob_garbage_collection: false
2021/03/20-23:27:28.208709 7f59feb90700   Options.blob_garbage_collection_age_cutoff: 0.250000
2021/03/20-23:27:28.209824 7f59feb90700 [/version_set.cc:4773] Recovered from manifest file:./db/8/MANIFEST-000338 succeeded,manifest_file_number is 338, next_file_number is 340, last_sequence is 0, log_number is 335,prev_log_number is 0,max_column_family is 0,min_log_number_to_keep is 0
2021/03/20-23:27:28.209840 7f59feb90700 [/version_set.cc:4782] Column family [default] (ID 0), log number is 335
2021/03/20-23:27:28.210054 7f59feb90700 [/version_set.cc:4083] Creating manifest 342
2021/03/20-23:27:28.272002 7f59feb90700 EVENT_LOG_v1 {"time_micros": 1616254048271994, "job": 1, "event": "recovery_started", "wal_files": [339]}
2021/03/20-23:27:28.272015 7f59feb90700 [/db_impl/db_impl_open.cc:847] Recovering log #339 mode 2
2021/03/20-23:27:28.272067 7f59feb90700 [/version_set.cc:4083] Creating manifest 343
2021/03/20-23:27:28.290166 7f59feb90700 EVENT_LOG_v1 {"time_micros": 1616254048290157, "job": 1, "event": "recovery_finished"}
2021/03/20-23:27:28.290538 7f59feb90700 [le/delete_scheduler.cc:73] Deleted file ./db/8/000339.log immediately, rate_bytes_per_sec 0, total_trash_size 0 max_trash_db_ratio 0.250000
2021/03/20-23:27:28.306205 7f59feb90700 [/db_impl/db_impl_open.cc:1701] SstFileManager instance 0x7f59f44c3db0
2021/03/20-23:27:28.306291 7f59feb90700 DB pointer 0x7f59f44c0680
