2021/04/27-23:32:17.286416 7fe1f4864700 RocksDB version: 6.15.5
2021/04/27-23:32:17.286515 7fe1f4864700 Git sha rocksdb_build_git_sha:
2021/04/27-23:32:17.286522 7fe1f4864700 Compile date Mar 13 2021
2021/04/27-23:32:17.286652 7fe1f4864700 DB SUMMARY
2021/04/27-23:32:17.286658 7fe1f4864700 DB Session ID:  F7EI48AMKWRLC83OGYFP
2021/04/27-23:32:17.286730 7fe1f4864700 CURRENT file:  CURRENT
2021/04/27-23:32:17.286734 7fe1f4864700 IDENTITY file:  IDENTITY
2021/04/27-23:32:17.286744 7fe1f4864700 MANIFEST file:  MANIFEST-000003 size: 57 Bytes
2021/04/27-23:32:17.286749 7fe1f4864700 SST files in ./db/6 dir, Total Num: 0, files: 
2021/04/27-23:32:17.286754 7fe1f4864700 Write Ahead Log file in ./db/6: 000004.log size: 1084384 ; 
2021/04/27-23:32:17.286759 7fe1f4864700                         Options.error_if_exists: 0
2021/04/27-23:32:17.286763 7fe1f4864700                       Options.create_if_missing: 1
2021/04/27-23:32:17.286766 7fe1f4864700                         Options.paranoid_checks: 1
2021/04/27-23:32:17.286769 7fe1f4864700                               Options.track_and_verify_wals_in_manifest: 0
2021/04/27-23:32:17.286772 7fe1f4864700                                     Options.env: 0x7fe1af524400
2021/04/27-23:32:17.286776 7fe1f4864700                                      Options.fs: Posix File System
2021/04/27-23:32:17.286779 7fe1f4864700                                Options.info_log: 0x7fe1f039fae0
2021/04/27-23:32:17.286782 7fe1f4864700                Options.max_file_opening_threads: 16
2021/04/27-23:32:17.286785 7fe1f4864700                              Options.statistics: (nil)
2021/04/27-23:32:17.286789 7fe1f4864700                               Options.use_fsync: 0
2021/04/27-23:32:17.286792 7fe1f4864700                       Options.max_log_file_size: 0
2021/04/27-23:32:17.286795 7fe1f4864700                  Options.max_manifest_file_size: 1073741824
2021/04/27-23:32:17.286799 7fe1f4864700                   Options.log_file_time_to_roll: 0
2021/04/27-23:32:17.286802 7fe1f4864700                       Options.keep_log_file_num: 1000
2021/04/27-23:32:17.286805 7fe1f4864700                    Options.recycle_log_file_num: 0
2021/04/27-23:32:17.286808 7fe1f4864700                         Options.allow_fallocate: 1
2021/04/27-23:32:17.286811 7fe1f4864700                        Options.allow_mmap_reads: 0
2021/04/27-23:32:17.286814 7fe1f4864700                       Options.allow_mmap_writes: 0
2021/04/27-23:32:17.286817 7fe1f4864700                        Options.use_direct_reads: 0
2021/04/27-23:32:17.286820 7fe1f4864700                        Options.use_direct_io_for_flush_and_compaction: 0
2021/04/27-23:32:17.286823 7fe1f4864700          Options.create_missing_column_families: 0
2021/04/27-23:32:17.286825 7fe1f4864700                              Options.db_log_dir: 
2021/04/27-23:32:17.286828 7fe1f4864700                                 Options.wal_dir: ./db/6
2021/04/27-23:32:17.286831 7fe1f4864700                Options.table_cache_numshardbits: 6
2021/04/27-23:32:17.286834 7fe1f4864700                         Options.WAL_ttl_seconds: 0
2021/04/27-23:32:17.286837 7fe1f4864700                       Options.WAL_size_limit_MB: 0
2021/04/27-23:32:17.286840 7fe1f4864700                        Options.max_write_batch_group_size_bytes: 1048576
2021/04/27-23:32:17.286844 7fe1f4864700             Options.manifest_preallocation_size: 4194304
2021/04/27-23:32:17.286847 7fe1f4864700                     Options.is_fd_close_on_exec: 1
2021/04/27-23:32:17.286850 7fe1f4864700                   Options.advise_random_on_open: 1
2021/04/27-23:32:17.286853 7fe1f4864700                    Options.db_write_buffer_size: 0
2021/04/27-23:32:17.286856 7fe1f4864700                    Options.write_buffer_manager: 0x7fe1f03d9410
2021/04/27-23:32:17.286859 7fe1f4864700         Options.access_hint_on_compaction_start: 1
2021/04/27-23:32:17.286862 7fe1f4864700  Options.new_table_reader_for_compaction_inputs: 0
2021/04/27-23:32:17.286865 7fe1f4864700           Options.random_access_max_buffer_size: 1048576
2021/04/27-23:32:17.286868 7fe1f4864700                      Options.use_adaptive_mutex: 0
2021/04/27-23:32:17.286894 7fe1f4864700                            Options.rate_limiter: (nil)
2021/04/27-23:32:17.286899 7fe1f4864700     Options.sst_file_manager.rate_bytes_per_sec: 0
2021/04/27-23:32:17.286902 7fe1f4864700                       Options.wal_recovery_mode: 2
2021/04/27-23:32:17.286905 7fe1f4864700                  Options.enable_thread_tracking: 0
2021/04/27-23:32:17.286908 7fe1f4864700                  Options.enable_pipelined_write: 0
2021/04/27-23:32:17.286911 7fe1f4864700                  Options.unordered_write: 0
2021/04/27-23:32:17.286914 7fe1f4864700         Options.allow_concurrent_memtable_write: 1
2021/04/27-23:32:17.286917 7fe1f4864700      Options.enable_write_thread_adaptive_yield: 1
2021/04/27-23:32:17.286920 7fe1f4864700             Options.write_thread_max_yield_usec: 100
2021/04/27-23:32:17.286923 7fe1f4864700            Options.write_thread_slow_yield_usec: 3
2021/04/27-23:32:17.286926 7fe1f4864700                               Options.row_cache: None
2021/04/27-23:32:17.286929 7fe1f4864700                              Options.wal_filter: None
2021/04/27-23:32:17.286932 7fe1f4864700             Options.avoid_flush_during_recovery: 0
2021/04/27-23:32:17.286935 7fe1f4864700             Options.allow_ingest_behind: 0
2021/04/27-23:32:17.286938 7fe1f4864700             Options.preserve_deletes: 0
2021/04/27-23:32:17.286941 7fe1f4864700             Options.two_write_queues: 0
2021/04/27-23:32:17.286944 7fe1f4864700             Options.manual_wal_flush: 0
2021/04/27-23:32:17.286947 7fe1f4864700             Options.atomic_flush: 0
2021/04/27-23:32:17.286950 7fe1f4864700             Options.avoid_unnecessary_blocking_io: 0
2021/04/27-23:32:17.286953 7fe1f4864700                 Options.persist_stats_to_disk: 0
2021/04/27-23:32:17.286956 7fe1f4864700                 Options.write_dbid_to_manifest: 0
2021/04/27-23:32:17.286959 7fe1f4864700                 Options.log_readahead_size: 0
2021/04/27-23:32:17.286962 7fe1f4864700                 Options.file_checksum_gen_factory: Unknown
2021/04/27-23:32:17.286965 7fe1f4864700                 Options.best_efforts_recovery: 0
2021/04/27-23:32:17.286967 7fe1f4864700                Options.max_bgerror_resume_count: 2147483647
2021/04/27-23:32:17.286971 7fe1f4864700            Options.bgerror_resume_retry_interval: 1000000
2021/04/27-23:32:17.286974 7fe1f4864700             Options.allow_data_in_errors: 0
2021/04/27-23:32:17.286977 7fe1f4864700             Options.db_host_id: __hostname__
2021/04/27-23:32:17.286980 7fe1f4864700             Options.max_background_jobs: 2
2021/04/27-23:32:17.286983 7fe1f4864700             Options.max_background_compactions: -1
2021/04/27-23:32:17.286986 7fe1f4864700             Options.max_subcompactions: 1
2021/04/27-23:32:17.286989 7fe1f4864700             Options.avoid_flush_during_shutdown: 0
2021/04/27-23:32:17.286992 7fe1f4864700           Options.writable_file_max_buffer_size: 1048576
2021/04/27-23:32:17.286995 7fe1f4864700             Options.delayed_write_rate : 16777216
2021/04/27-23:32:17.286998 7fe1f4864700             Options.max_total_wal_size: 0
2021/04/27-23:32:17.287001 7fe1f4864700             Options.delete_obsolete_files_period_micros: 21600000000
2021/04/27-23:32:17.287004 7fe1f4864700                   Options.stats_dump_period_sec: 600
2021/04/27-23:32:17.287007 7fe1f4864700                 Options.stats_persist_period_sec: 600
2021/04/27-23:32:17.287010 7fe1f4864700                 Options.stats_history_buffer_size: 1048576
2021/04/27-23:32:17.287014 7fe1f4864700                          Options.max_open_files: -1
2021/04/27-23:32:17.287017 7fe1f4864700                          Options.bytes_per_sync: 0
2021/04/27-23:32:17.287020 7fe1f4864700                      Options.wal_bytes_per_sync: 0
2021/04/27-23:32:17.287022 7fe1f4864700                   Options.strict_bytes_per_sync: 0
2021/04/27-23:32:17.287025 7fe1f4864700       Options.compaction_readahead_size: 0
2021/04/27-23:32:17.287028 7fe1f4864700                  Options.max_background_flushes: -1
2021/04/27-23:32:17.287032 7fe1f4864700 Compression algorithms supported:
2021/04/27-23:32:17.287048 7fe1f4864700 	kZSTDNotFinalCompression supported: 1
2021/04/27-23:32:17.287053 7fe1f4864700 	kZSTD supported: 1
2021/04/27-23:32:17.287057 7fe1f4864700 	kXpressCompression supported: 0
2021/04/27-23:32:17.287060 7fe1f4864700 	kLZ4HCCompression supported: 1
2021/04/27-23:32:17.287063 7fe1f4864700 	kLZ4Compression supported: 1
2021/04/27-23:32:17.287067 7fe1f4864700 	kBZip2Compression supported: 1
2021/04/27-23:32:17.287069 7fe1f4864700 	kZlibCompression supported: 1
2021/04/27-23:32:17.287072 7fe1f4864700 	kSnappyCompression supported: 1
2021/04/27-23:32:17.287078 7fe1f4864700 Fast CRC32 supported: Not supported on x86
2021/04/27-23:32:17.287213 7fe1f4864700 [/version_set.cc:4725] Recovering from manifest file: ./db/6/MANIFEST-000003
2021/04/27-23:32:17.287492 7fe1f4864700 [/column_family.cc:597] --------------- Options for column family [default]:
2021/04/27-23:32:17.287500 7fe1f4864700               Options.comparator: leveldb.BytewiseComparator
2021/04/27-23:32:17.287504 7fe1f4864700           Options.merge_operator: None
2021/04/27-23:32:17.287507 7fe1f4864700        Options.compaction_filter: None
2021/04/27-23:32:17.287510 7fe1f4864700        Options.compaction_filter_factory: None
2021/04/27-23:32:17.287513 7fe1f4864700  Options.sst_partitioner_factory: None
2021/04/27-23:32:17.287516 7fe1f4864700         Options.memtable_factory: SkipListFactory
2021/04/27-23:32:17.287520 7fe1f4864700            Options.table_factory: BlockBasedTable
2021/04/27-23:32:17.287569 7fe1f4864700            table_factory options:   flush_block_policy_factory: FlushBlockBySizePolicyFactory (0x7fe1f028cd30)
  cache_index_and_filter_blocks: 0
  cache_index_and_filter_blocks_with_high_priority: 1
  pin_l0_filter_and_index_blocks_in_cache: 0
  pin_top_level_index_and_filter: 1
  index_type: 0
  data_block_index_type: 0
  index_shortening: 1
  data_block_hash_table_util_ratio: 0.750000
  hash_index_allow_collision: 1
  checksum: 1
  no_block_cache: 0
  block_cache: 0x7fe1f027ac60
  block_cache_name: LRUCache
  block_cache_options:
    capacity : 8388608
    num_shard_bits : 4
    strict_capacity_limit : 0
    memory_allocator : None
    high_pri_pool_ratio: 0.000
  block_cache_compressed: (nil)
  persistent_cache: (nil)
  block_size: 4096
  block_size_deviation: 10
  block_restart_interval: 16
  index_block_restart_interval: 1
  metadata_block_size: 4096
  partition_filters: 0
  use_delta_encoding: 1
  filter_policy: nullptr
  whole_key_filtering: 1
  verify_compression: 0
  read_amp_bytes_per_bit: 0
  format_version: 4
  enable_index_compression: 1
  block_align: 0
2021/04/27-23:32:17.287573 7fe1f4864700        Options.write_buffer_size: 67108864
2021/04/27-23:32:17.287577 7fe1f4864700  Options.max_write_buffer_number: 2
2021/04/27-23:32:17.287580 7fe1f4864700          Options.compression: Snappy
2021/04/27-23:32:17.287584 7fe1f4864700                  Options.bottommost_compression: Disabled
2021/04/27-23:32:17.287587 7fe1f4864700       Options.prefix_extractor: nullptr
2021/04/27-23:32:17.287590 7fe1f4864700   Options.memtable_insert_with_hint_prefix_extractor: nullptr
2021/04/27-23:32:17.287593 7fe1f4864700             Options.num_levels: 7
2021/04/27-23:32:17.287596 7fe1f4864700        Options.min_write_buffer_number_to_merge: 1
2021/04/27-23:32:17.287599 7fe1f4864700     Options.max_write_buffer_number_to_maintain: 0
2021/04/27-23:32:17.287602 7fe1f4864700     Options.max_write_buffer_size_to_maintain: 0
2021/04/27-23:32:17.287605 7fe1f4864700            Options.bottommost_compression_opts.window_bits: -14
2021/04/27-23:32:17.287609 7fe1f4864700                  Options.bottommost_compression_opts.level: 32767
2021/04/27-23:32:17.287612 7fe1f4864700               Options.bottommost_compression_opts.strategy: 0
2021/04/27-23:32:17.287615 7fe1f4864700         Options.bottommost_compression_opts.max_dict_bytes: 0
2021/04/27-23:32:17.287618 7fe1f4864700         Options.bottommost_compression_opts.zstd_max_train_bytes: 0
2021/04/27-23:32:17.287621 7fe1f4864700         Options.bottommost_compression_opts.parallel_threads: 1
2021/04/27-23:32:17.287648 7fe1f4864700                  Options.bottommost_compression_opts.enabled: false
2021/04/27-23:32:17.287652 7fe1f4864700            Options.compression_opts.window_bits: -14
2021/04/27-23:32:17.287655 7fe1f4864700                  Options.compression_opts.level: 32767
2021/04/27-23:32:17.287658 7fe1f4864700               Options.compression_opts.strategy: 0
2021/04/27-23:32:17.287661 7fe1f4864700         Options.compression_opts.max_dict_bytes: 0
2021/04/27-23:32:17.287664 7fe1f4864700         Options.compression_opts.zstd_max_train_bytes: 0
2021/04/27-23:32:17.287667 7fe1f4864700         Options.compression_opts.parallel_threads: 1
2021/04/27-23:32:17.287670 7fe1f4864700                  Options.compression_opts.enabled: false
2021/04/27-23:32:17.287673 7fe1f4864700      Options.level0_file_num_compaction_trigger: 4
2021/04/27-23:32:17.287676 7fe1f4864700          Options.level0_slowdown_writes_trigger: 20
2021/04/27-23:32:17.287679 7fe1f4864700              Options.level0_stop_writes_trigger: 36
2021/04/27-23:32:17.287682 7fe1f4864700                   Options.target_file_size_base: 67108864
2021/04/27-23:32:17.287685 7fe1f4864700             Options.target_file_size_multiplier: 1
2021/04/27-23:32:17.287688 7fe1f4864700                Options.max_bytes_for_level_base: 268435456
2021/04/27-23:32:17.287691 7fe1f4864700 Options.level_compaction_dynamic_level_bytes: 0
2021/04/27-23:32:17.287694 7fe1f4864700          Options.max_bytes_for_level_multiplier: 10.000000
2021/04/27-23:32:17.287702 7fe1f4864700 Options.max_bytes_for_level_multiplier_addtl[0]: 1
2021/04/27-23:32:17.287705 7fe1f4864700 Options.max_bytes_for_level_multiplier_addtl[1]: 1
2021/04/27-23:32:17.287708 7fe1f4864700 Options.max_bytes_for_level_multiplier_addtl[2]: 1
2021/04/27-23:32:17.287711 7fe1f4864700 Options.max_bytes_for_level_multiplier_addtl[3]: 1
2021/04/27-23:32:17.287714 7fe1f4864700 Options.max_bytes_for_level_multiplier_addtl[4]: 1
2021/04/27-23:32:17.287717 7fe1f4864700 Options.max_bytes_for_level_multiplier_addtl[5]: 1
2021/04/27-23:32:17.287720 7fe1f4864700 Options.max_bytes_for_level_multiplier_addtl[6]: 1
2021/04/27-23:32:17.287723 7fe1f4864700       Options.max_sequential_skip_in_iterations: 8
2021/04/27-23:32:17.287726 7fe1f4864700                    Options.max_compaction_bytes: 1677721600
2021/04/27-23:32:17.287729 7fe1f4864700                        Options.arena_block_size: 8388608
2021/04/27-23:32:17.287732 7fe1f4864700   Options.soft_pending_compaction_bytes_limit: 68719476736
2021/04/27-23:32:17.287737 7fe1f4864700   Options.hard_pending_compaction_bytes_limit: 274877906944
2021/04/27-23:32:17.287742 7fe1f4864700       Options.rate_limit_delay_max_milliseconds: 100
2021/04/27-23:32:17.287747 7fe1f4864700                Options.disable_auto_compactions: 0
2021/04/27-23:32:17.287753 7fe1f4864700                        Options.compaction_style: kCompactionStyleLevel
2021/04/27-23:32:17.287758 7fe1f4864700                          Options.compaction_pri: kMinOverlappingRatio
2021/04/27-23:32:17.287764 7fe1f4864700 Options.compaction_options_universal.size_ratio: 1
2021/04/27-23:32:17.287769 7fe1f4864700 Options.compaction_options_universal.min_merge_width: 2
2021/04/27-23:32:17.287774 7fe1f4864700 Options.compaction_options_universal.max_merge_width: 4294967295
2021/04/27-23:32:17.287779 7fe1f4864700 Options.compaction_options_universal.max_size_amplification_percent: 200
2021/04/27-23:32:17.287784 7fe1f4864700 Options.compaction_options_universal.compression_size_percent: -1
2021/04/27-23:32:17.287791 7fe1f4864700 Options.compaction_options_universal.stop_style: kCompactionStopStyleTotalSize
2021/04/27-23:32:17.287796 7fe1f4864700 Options.compaction_options_fifo.max_table_files_size: 1073741824
2021/04/27-23:32:17.287801 7fe1f4864700 Options.compaction_options_fifo.allow_compaction: 0
2021/04/27-23:32:17.287813 7fe1f4864700                   Options.table_properties_collectors: 
2021/04/27-23:32:17.287820 7fe1f4864700                   Options.inplace_update_support: 0
2021/04/27-23:32:17.287847 7fe1f4864700                 Options.inplace_update_num_locks: 10000
2021/04/27-23:32:17.287851 7fe1f4864700               Options.memtable_prefix_bloom_size_ratio: 0.000000
2021/04/27-23:32:17.287856 7fe1f4864700               Options.memtable_whole_key_filtering: 0
2021/04/27-23:32:17.287859 7fe1f4864700   Options.memtable_huge_page_size: 0
2021/04/27-23:32:17.287862 7fe1f4864700                           Options.bloom_locality: 0
2021/04/27-23:32:17.287865 7fe1f4864700                    Options.max_successive_merges: 0
2021/04/27-23:32:17.287868 7fe1f4864700                Options.optimize_filters_for_hits: 0
2021/04/27-23:32:17.287871 7fe1f4864700                Options.paranoid_file_checks: 0
2021/04/27-23:32:17.287874 7fe1f4864700                Options.force_consistency_checks: 1
2021/04/27-23:32:17.287877 7fe1f4864700                Options.report_bg_io_stats: 0
2021/04/27-23:32:17.287880 7fe1f4864700                               Options.ttl: 2592000
2021/04/27-23:32:17.287883 7fe1f4864700          Options.periodic_compaction_seconds: 0
2021/04/27-23:32:17.287886 7fe1f4864700                    Options.enable_blob_files: false
2021/04/27-23:32:17.287889 7fe1f4864700                        Options.min_blob_size: 0
2021/04/27-23:32:17.287892 7fe1f4864700                       Options.blob_file_size: 268435456
2021/04/27-23:32:17.287896 7fe1f4864700                Options.blob_compression_type: NoCompression
2021/04/27-23:32:17.287899 7fe1f4864700       Options.enable_blob_garbage_collection: false
2021/04/27-23:32:17.287902 7fe1f4864700   Options.blob_garbage_collection_age_cutoff: 0.250000
2021/04/27-23:32:17.289001 7fe1f4864700 [/version_set.cc:4773] Recovered from manifest file:./db/6/MANIFEST-000003 succeeded,manifest_file_number is 3, next_file_number is 5, last_sequence is 0, log_number is 0,prev_log_number is 0,max_column_family is 0,min_log_number_to_keep is 0
2021/04/27-23:32:17.289016 7fe1f4864700 [/version_set.cc:4782] Column family [default] (ID 0), log number is 0
2021/04/27-23:32:17.289211 7fe1f4864700 [/version_set.cc:4083] Creating manifest 7
2021/04/27-23:32:17.312783 7fe1f4864700 EVENT_LOG_v1 {"time_micros": 1619537537312768, "job": 1, "event": "recovery_started", "wal_files": [4]}
2021/04/27-23:32:17.312811 7fe1f4864700 [/db_impl/db_impl_open.cc:847] Recovering log #4 mode 2
2021/04/27-23:32:17.352612 7fe1f4864700 EVENT_LOG_v1 {"time_micros": 1619537537352582, "cf_name": "default", "job": 1, "event": "table_file_creation", "file_number": 8, "file_size": 63087, "file_checksum": "", "file_checksum_func_name": "Unknown", "table_properties": {"data_size": 61734, "index_size": 503, "index_partitions": 0, "top_level_index_size": 0, "index_key_is_user_key": 1, "index_value_is_delta_encoded": 1, "filter_size": 0, "raw_key_size": 35209, "raw_average_key_size": 13, "raw_value_size": 97749, "raw_average_value_size": 38, "num_data_blocks": 34, "num_entries": 2541, "num_deletions": 0, "num_merge_operands": 0, "num_range_deletions": 0, "format_version": 0, "fixed_key_len": 0, "filter_policy": "", "column_family_name": "default", "column_family_id": 0, "comparator": "leveldb.BytewiseComparator", "merge_operator": "nullptr", "prefix_extractor_name": "nullptr", "property_collectors": "[]", "compression": "Snappy", "compression_options": "window_bits=-14; level=32767; strategy=0; max_dict_bytes=0; zstd_max_train_bytes=0; enabled=0; ", "creation_time": 1619537537, "oldest_key_time": 0, "file_creation_time": 0, "db_id": "b64064ed-e3f4-4d86-9e05-34182bc48ea0", "db_session_id": "F7EI48AMKWRLC83OGYFP"}}
2021/04/27-23:32:17.352656 7fe1f4864700 [/version_set.cc:4083] Creating manifest 9
2021/04/27-23:32:17.365708 7fe1f4864700 EVENT_LOG_v1 {"time_micros": 1619537537365703, "job": 1, "event": "recovery_finished"}
2021/04/27-23:32:17.366065 7fe1f4864700 [le/delete_scheduler.cc:73] Deleted file ./db/6/000004.log immediately, rate_bytes_per_sec 0, total_trash_size 0 max_trash_db_ratio 0.250000
2021/04/27-23:32:17.375240 7fe1f4864700 [/db_impl/db_impl_open.cc:1701] SstFileManager instance 0x7fe1f03cf6b0
2021/04/27-23:32:17.375271 7fe1f4864700 DB pointer 0x7fe1f04200e0
2021/04/27-23:32:35.375530 7fe175ffb700 [/db_impl/db_impl.cc:902] ------- DUMPING STATS -------
2021/04/27-23:32:35.375582 7fe175ffb700 [/db_impl/db_impl.cc:903] 
** DB Stats **
Uptime(secs): 18.1 total, 18.1 interval
Cumulative writes: 25K writes, 25K keys, 25K commit groups, 1.0 writes per commit group, ingest: 0.01 GB, 0.60 MB/s
Cumulative WAL: 25K writes, 0 syncs, 25357.00 writes per sync, written: 0.01 GB, 0.60 MB/s
Cumulative stall: 00:00:0.000 H:M:S, 0.0 percent
Interval writes: 25K writes, 25K keys, 25K commit groups, 1.0 writes per commit group, ingest: 10.87 MB, 0.60 MB/s
Interval WAL: 25K writes, 0 syncs, 25357.00 writes per sync, written: 0.01 MB, 0.60 MB/s
Interval stall: 00:00:0.000 H:M:S, 0.0 percent

** Compaction Stats [default] **
Level    Files   Size     Score Read(GB)  Rn(GB) Rnp1(GB) Write(GB) Wnew(GB) Moved(GB) W-Amp Rd(MB/s) Wr(MB/s) Comp(sec) CompMergeCPU(sec) Comp(cnt) Avg(sec) KeyIn KeyDrop
----------------------------------------------------------------------------------------------------------------------------------------------------------------------------
  L0      1/0   61.61 KB   0.2      0.0     0.0      0.0       0.0      0.0       0.0   1.0      0.0      6.3      0.01              0.00         1    0.010       0      0
 Sum      1/0   61.61 KB   0.0      0.0     0.0      0.0       0.0      0.0       0.0   1.0      0.0      6.3      0.01              0.00         1    0.010       0      0
 Int      0/0    0.00 KB   0.0      0.0     0.0      0.0       0.0      0.0       0.0   1.0      0.0      6.3      0.01              0.00         1    0.010       0      0

** Compaction Stats [default] **
Priority    Files   Size     Score Read(GB)  Rn(GB) Rnp1(GB) Write(GB) Wnew(GB) Moved(GB) W-Amp Rd(MB/s) Wr(MB/s) Comp(sec) CompMergeCPU(sec) Comp(cnt) Avg(sec) KeyIn KeyDrop
-------------------------------------------------------------------------------------------------------------------------------------------------------------------------------
User      0/0    0.00 KB   0.0      0.0     0.0      0.0       0.0      0.0       0.0   0.0      0.0      6.3      0.01              0.00         1    0.010       0      0
Uptime(secs): 18.1 total, 18.1 interval
Flush(GB): cumulative 0.000, interval 0.000
AddFile(GB): cumulative 0.000, interval 0.000
AddFile(Total Files): cumulative 0, interval 0
AddFile(L0 Files): cumulative 0, interval 0
AddFile(Keys): cumulative 0, interval 0
Cumulative compaction: 0.00 GB write, 0.00 MB/s write, 0.00 GB read, 0.00 MB/s read, 0.0 seconds
Interval compaction: 0.00 GB write, 0.00 MB/s write, 0.00 GB read, 0.00 MB/s read, 0.0 seconds
Stalls(count): 0 level0_slowdown, 0 level0_slowdown_with_compaction, 0 level0_numfiles, 0 level0_numfiles_with_compaction, 0 stop for pending_compaction_bytes, 0 slowdown for pending_compaction_bytes, 0 memtable_compaction, 0 memtable_slowdown, interval 0 total count

** File Read Latency Histogram By Level [default] **

** Compaction Stats [default] **
Level    Files   Size     Score Read(GB)  Rn(GB) Rnp1(GB) Write(GB) Wnew(GB) Moved(GB) W-Amp Rd(MB/s) Wr(MB/s) Comp(sec) CompMergeCPU(sec) Comp(cnt) Avg(sec) KeyIn KeyDrop
----------------------------------------------------------------------------------------------------------------------------------------------------------------------------
  L0      1/0   61.61 KB   0.2      0.0     0.0      0.0       0.0      0.0       0.0   1.0      0.0      6.3      0.01              0.00         1    0.010       0      0
 Sum      1/0   61.61 KB   0.0      0.0     0.0      0.0       0.0      0.0       0.0   1.0      0.0      6.3      0.01              0.00         1    0.010       0      0
 Int      0/0    0.00 KB   0.0      0.0     0.0      0.0       0.0      0.0       0.0   0.0      0.0      0.0      0.00              0.00         0    0.000       0      0

** Compaction Stats [default] **
Priority    Files   Size     Score Read(GB)  Rn(GB) Rnp1(GB) Write(GB) Wnew(GB) Moved(GB) W-Amp Rd(MB/s) Wr(MB/s) Comp(sec) CompMergeCPU(sec) Comp(cnt) Avg(sec) KeyIn KeyDrop
-------------------------------------------------------------------------------------------------------------------------------------------------------------------------------
User      0/0    0.00 KB   0.0      0.0     0.0      0.0       0.0      0.0       0.0   0.0      0.0      6.3      0.01              0.00         1    0.010       0      0
Uptime(secs): 18.1 total, 0.0 interval
Flush(GB): cumulative 0.000, interval 0.000
AddFile(GB): cumulative 0.000, interval 0.000
AddFile(Total Files): cumulative 0, interval 0
AddFile(L0 Files): cumulative 0, interval 0
AddFile(Keys): cumulative 0, interval 0
Cumulative compaction: 0.00 GB write, 0.00 MB/s write, 0.00 GB read, 0.00 MB/s read, 0.0 seconds
Interval compaction: 0.00 GB write, 0.00 MB/s write, 0.00 GB read, 0.00 MB/s read, 0.0 seconds
Stalls(count): 0 level0_slowdown, 0 level0_slowdown_with_compaction, 0 level0_numfiles, 0 level0_numfiles_with_compaction, 0 stop for pending_compaction_bytes, 0 slowdown for pending_compaction_bytes, 0 memtable_compaction, 0 memtable_slowdown, interval 0 total count

** File Read Latency Histogram By Level [default] **
2021/04/27-23:33:28.338671 7fe17fefe700 [/db_impl/db_impl_write.cc:1739] [default] New memtable created with log file: #13. Immutable memtables: 0.
2021/04/27-23:33:28.338900 7fe1ae2b0700 (Original Log Time 2021/04/27-23:33:28.338828) [/db_impl/db_impl_compaction_flush.cc:2402] Calling FlushMemTableToOutputFile with column family [default], flush slots available 1, compaction slots available 1, flush slots scheduled 1, compaction slots scheduled 0
2021/04/27-23:33:28.338912 7fe1ae2b0700 [/flush_job.cc:338] [default] [JOB 3] Flushing memtable with next log file: 13
2021/04/27-23:33:28.338940 7fe1ae2b0700 EVENT_LOG_v1 {"time_micros": 1619537608338930, "job": 3, "event": "flush_started", "num_memtables": 1, "num_entries": 92029, "num_deletes": 0, "total_data_size": 63190568, "memory_usage": 65014112, "flush_reason": "Write Buffer Full"}
2021/04/27-23:33:28.338945 7fe1ae2b0700 [/flush_job.cc:367] [default] [JOB 3] Level-0 flush table #14: started
2021/04/27-23:33:28.413579 7fe1ae2b0700 EVENT_LOG_v1 {"time_micros": 1619537608413480, "cf_name": "default", "job": 3, "event": "table_file_creation", "file_number": 14, "file_size": 900445, "file_checksum": "", "file_checksum_func_name": "Unknown", "table_properties": {"data_size": 894678, "index_size": 4889, "index_partitions": 0, "top_level_index_size": 0, "index_key_is_user_key": 1, "index_value_is_delta_encoded": 1, "filter_size": 0, "raw_key_size": 214685, "raw_average_key_size": 15, "raw_value_size": 1181949, "raw_average_value_size": 84, "num_data_blocks": 316, "num_entries": 13935, "num_deletions": 0, "num_merge_operands": 0, "num_range_deletions": 0, "format_version": 0, "fixed_key_len": 0, "filter_policy": "", "column_family_name": "default", "column_family_id": 0, "comparator": "leveldb.BytewiseComparator", "merge_operator": "nullptr", "prefix_extractor_name": "nullptr", "property_collectors": "[]", "compression": "Snappy", "compression_options": "window_bits=-14; level=32767; strategy=0; max_dict_bytes=0; zstd_max_train_bytes=0; enabled=0; ", "creation_time": 1619537541, "oldest_key_time": 1619537541, "file_creation_time": 1619537608, "db_id": "b64064ed-e3f4-4d86-9e05-34182bc48ea0", "db_session_id": "F7EI48AMKWRLC83OGYFP"}}
2021/04/27-23:33:28.413640 7fe1ae2b0700 [/flush_job.cc:431] [default] [JOB 3] Level-0 flush table #14: 900445 bytes OK
2021/04/27-23:33:28.421540 7fe1ae2b0700 (Original Log Time 2021/04/27-23:33:28.417324) [/memtable_list.cc:451] [default] Level-0 commit table #14 started
2021/04/27-23:33:28.421552 7fe1ae2b0700 (Original Log Time 2021/04/27-23:33:28.421305) [/memtable_list.cc:631] [default] Level-0 commit table #14: memtable #1 done
2021/04/27-23:33:28.421558 7fe1ae2b0700 (Original Log Time 2021/04/27-23:33:28.421385) EVENT_LOG_v1 {"time_micros": 1619537608421362, "job": 3, "event": "flush_finished", "output_compression": "Snappy", "lsm_state": [2, 0, 0, 0, 0, 0, 0], "immutable_memtables": 0}
2021/04/27-23:33:28.421564 7fe1ae2b0700 (Original Log Time 2021/04/27-23:33:28.421443) [/db_impl/db_impl_compaction_flush.cc:235] [default] Level summary: files[2 0 0 0 0 0 0] max score 0.50
2021/04/27-23:33:28.421580 7fe1ae2b0700 [/db_impl/db_impl_files.cc:420] [JOB 3] Try to delete WAL files size 63646919, prev total WAL file size 63825029, number of live WAL files 2.
2021/04/27-23:33:28.442624 7fe1ae2b0700 [le/delete_scheduler.cc:73] Deleted file ./db/6/000010.log immediately, rate_bytes_per_sec 0, total_trash_size 0 max_trash_db_ratio 0.250000
2021/04/27-23:36:55.432596 7fe1ad4a9700 [/db_impl/db_impl_write.cc:1739] [default] New memtable created with log file: #15. Immutable memtables: 0.
2021/04/27-23:36:55.432874 7fe1ae2b0700 (Original Log Time 2021/04/27-23:36:55.432809) [/db_impl/db_impl_compaction_flush.cc:2402] Calling FlushMemTableToOutputFile with column family [default], flush slots available 1, compaction slots available 1, flush slots scheduled 1, compaction slots scheduled 0
2021/04/27-23:36:55.432893 7fe1ae2b0700 [/flush_job.cc:338] [default] [JOB 4] Flushing memtable with next log file: 15
2021/04/27-23:36:55.432963 7fe1ae2b0700 EVENT_LOG_v1 {"time_micros": 1619537815432941, "job": 4, "event": "flush_started", "num_memtables": 1, "num_entries": 62996, "num_deletes": 0, "total_data_size": 63593939, "memory_usage": 65014456, "flush_reason": "Write Buffer Full"}
2021/04/27-23:36:55.432985 7fe1ae2b0700 [/flush_job.cc:367] [default] [JOB 4] Level-0 flush table #16: started
2021/04/27-23:36:55.573538 7fe1ae2b0700 EVENT_LOG_v1 {"time_micros": 1619537815573506, "cf_name": "default", "job": 4, "event": "table_file_creation", "file_number": 16, "file_size": 1347185, "file_checksum": "", "file_checksum_func_name": "Unknown", "table_properties": {"data_size": 1339385, "index_size": 6922, "index_partitions": 0, "top_level_index_size": 0, "index_key_is_user_key": 1, "index_value_is_delta_encoded": 1, "filter_size": 0, "raw_key_size": 206703, "raw_average_key_size": 14, "raw_value_size": 1802836, "raw_average_value_size": 128, "num_data_blocks": 446, "num_entries": 13988, "num_deletions": 0, "num_merge_operands": 0, "num_range_deletions": 0, "format_version": 0, "fixed_key_len": 0, "filter_policy": "", "column_family_name": "default", "column_family_id": 0, "comparator": "leveldb.BytewiseComparator", "merge_operator": "nullptr", "prefix_extractor_name": "nullptr", "property_collectors": "[]", "compression": "Snappy", "compression_options": "window_bits=-14; level=32767; strategy=0; max_dict_bytes=0; zstd_max_train_bytes=0; enabled=0; ", "creation_time": 1619537608, "oldest_key_time": 1619537608, "file_creation_time": 1619537815, "db_id": "b64064ed-e3f4-4d86-9e05-34182bc48ea0", "db_session_id": "F7EI48AMKWRLC83OGYFP"}}
2021/04/27-23:36:55.573559 7fe1ae2b0700 [/flush_job.cc:431] [default] [JOB 4] Level-0 flush table #16: 1347185 bytes OK
2021/04/27-23:36:55.582270 7fe1ae2b0700 (Original Log Time 2021/04/27-23:36:55.577771) [/memtable_list.cc:451] [default] Level-0 commit table #16 started
2021/04/27-23:36:55.582274 7fe1ae2b0700 (Original Log Time 2021/04/27-23:36:55.582202) [/memtable_list.cc:631] [default] Level-0 commit table #16: memtable #1 done
2021/04/27-23:36:55.582276 7fe1ae2b0700 (Original Log Time 2021/04/27-23:36:55.582224) EVENT_LOG_v1 {"time_micros": 1619537815582218, "job": 4, "event": "flush_finished", "output_compression": "Snappy", "lsm_state": [3, 0, 0, 0, 0, 0, 0], "immutable_memtables": 0}
2021/04/27-23:36:55.582278 7fe1ae2b0700 (Original Log Time 2021/04/27-23:36:55.582246) [/db_impl/db_impl_compaction_flush.cc:235] [default] Level summary: files[3 0 0 0 0 0 0] max score 0.75
2021/04/27-23:36:55.582283 7fe1ae2b0700 [/db_impl/db_impl_files.cc:420] [JOB 4] Try to delete WAL files size 63908859, prev total WAL file size 64040170, number of live WAL files 2.
2021/04/27-23:36:55.592536 7fe1ae2b0700 [le/delete_scheduler.cc:73] Deleted file ./db/6/000013.log immediately, rate_bytes_per_sec 0, total_trash_size 0 max_trash_db_ratio 0.250000
2021/04/27-23:38:42.646902 7fe1ac59a700 [/db_impl/db_impl_write.cc:1739] [default] New memtable created with log file: #17. Immutable memtables: 0.
2021/04/27-23:38:42.647208 7fe1ae2b0700 (Original Log Time 2021/04/27-23:38:42.647148) [/db_impl/db_impl_compaction_flush.cc:2402] Calling FlushMemTableToOutputFile with column family [default], flush slots available 1, compaction slots available 1, flush slots scheduled 1, compaction slots scheduled 0
2021/04/27-23:38:42.647224 7fe1ae2b0700 [/flush_job.cc:338] [default] [JOB 5] Flushing memtable with next log file: 17
2021/04/27-23:38:42.647304 7fe1ae2b0700 EVENT_LOG_v1 {"time_micros": 1619537922647279, "job": 5, "event": "flush_started", "num_memtables": 1, "num_entries": 50495, "num_deletes": 0, "total_data_size": 63486046, "memory_usage": 65016224, "flush_reason": "Write Buffer Full"}
2021/04/27-23:38:42.647327 7fe1ae2b0700 [/flush_job.cc:367] [default] [JOB 5] Level-0 flush table #18: started
2021/04/27-23:38:42.803978 7fe1ae2b0700 EVENT_LOG_v1 {"time_micros": 1619537922803948, "cf_name": "default", "job": 5, "event": "table_file_creation", "file_number": 18, "file_size": 1591013, "file_checksum": "", "file_checksum_func_name": "Unknown", "table_properties": {"data_size": 1582709, "index_size": 7425, "index_partitions": 0, "top_level_index_size": 0, "index_key_is_user_key": 1, "index_value_is_delta_encoded": 1, "filter_size": 0, "raw_key_size": 121335, "raw_average_key_size": 14, "raw_value_size": 2207015, "raw_average_value_size": 257, "num_data_blocks": 494, "num_entries": 8577, "num_deletions": 0, "num_merge_operands": 0, "num_range_deletions": 0, "format_version": 0, "fixed_key_len": 0, "filter_policy": "", "column_family_name": "default", "column_family_id": 0, "comparator": "leveldb.BytewiseComparator", "merge_operator": "nullptr", "prefix_extractor_name": "nullptr", "property_collectors": "[]", "compression": "Snappy", "compression_options": "window_bits=-14; level=32767; strategy=0; max_dict_bytes=0; zstd_max_train_bytes=0; enabled=0; ", "creation_time": 1619537815, "oldest_key_time": 1619537815, "file_creation_time": 1619537922, "db_id": "b64064ed-e3f4-4d86-9e05-34182bc48ea0", "db_session_id": "F7EI48AMKWRLC83OGYFP"}}
2021/04/27-23:38:42.803996 7fe1ae2b0700 [/flush_job.cc:431] [default] [JOB 5] Level-0 flush table #18: 1591013 bytes OK
2021/04/27-23:38:42.811389 7fe1ae2b0700 (Original Log Time 2021/04/27-23:38:42.807532) [/memtable_list.cc:451] [default] Level-0 commit table #18 started
2021/04/27-23:38:42.811393 7fe1ae2b0700 (Original Log Time 2021/04/27-23:38:42.811307) [/memtable_list.cc:631] [default] Level-0 commit table #18: memtable #1 done
2021/04/27-23:38:42.811395 7fe1ae2b0700 (Original Log Time 2021/04/27-23:38:42.811331) EVENT_LOG_v1 {"time_micros": 1619537922811325, "job": 5, "event": "flush_finished", "output_compression": "Snappy", "lsm_state": [4, 0, 0, 0, 0, 0, 0], "immutable_memtables": 0}
2021/04/27-23:38:42.811397 7fe1ae2b0700 (Original Log Time 2021/04/27-23:38:42.811365) [/db_impl/db_impl_compaction_flush.cc:235] [default] Level summary: files[4 0 0 0 0 0 0] max score 1.00
2021/04/27-23:38:42.811401 7fe1ae2b0700 [/db_impl/db_impl_files.cc:420] [JOB 5] Try to delete WAL files size 63737813, prev total WAL file size 64153528, number of live WAL files 2.
2021/04/27-23:38:42.811537 7fe1aeab1700 [/compaction/compaction_job.cc:1884] [default] [JOB 6] Compacting 4@0 files to L1, score 1.00
2021/04/27-23:38:42.811550 7fe1aeab1700 [/compaction/compaction_job.cc:1888] [default] Compaction start summary: Base version 6 Base level 0, inputs: [18(1553KB) 16(1315KB) 14(879KB) 8(61KB)]
2021/04/27-23:38:42.811571 7fe1aeab1700 EVENT_LOG_v1 {"time_micros": 1619537922811557, "job": 6, "event": "compaction_started", "compaction_reason": "LevelL0FilesNum", "files_L0": [18, 16, 14, 8], "score": 1, "input_data_size": 3901730}
2021/04/27-23:38:42.820839 7fe1ae2b0700 [le/delete_scheduler.cc:73] Deleted file ./db/6/000015.log immediately, rate_bytes_per_sec 0, total_trash_size 0 max_trash_db_ratio 0.250000
2021/04/27-23:38:42.931401 7fe1aeab1700 [/compaction/compaction_job.cc:1521] [default] [JOB 6] Generated table #19: 22898 keys, 1889557 bytes
2021/04/27-23:38:42.931444 7fe1aeab1700 EVENT_LOG_v1 {"time_micros": 1619537922931423, "cf_name": "default", "job": 6, "event": "table_file_creation", "file_number": 19, "file_size": 1889557, "file_checksum": "", "file_checksum_func_name": "Unknown", "table_properties": {"data_size": 1878948, "index_size": 9733, "index_partitions": 0, "top_level_index_size": 0, "index_key_is_user_key": 1, "index_value_is_delta_encoded": 1, "filter_size": 0, "raw_key_size": 350450, "raw_average_key_size": 15, "raw_value_size": 2516783, "raw_average_value_size": 109, "num_data_blocks": 623, "num_entries": 22898, "num_deletions": 0, "num_merge_operands": 0, "num_range_deletions": 0, "format_version": 0, "fixed_key_len": 0, "filter_policy": "", "column_family_name": "default", "column_family_id": 0, "comparator": "leveldb.BytewiseComparator", "merge_operator": "nullptr", "prefix_extractor_name": "nullptr", "property_collectors": "[]", "compression": "Snappy", "compression_options": "window_bits=-14; level=32767; strategy=0; max_dict_bytes=0; zstd_max_train_bytes=0; enabled=0; ", "creation_time": 1619537537, "oldest_key_time": 0, "file_creation_time": 1619537922, "db_id": "b64064ed-e3f4-4d86-9e05-34182bc48ea0", "db_session_id": "F7EI48AMKWRLC83OGYFP"}}
2021/04/27-23:38:42.935253 7fe1aeab1700 [/compaction/compaction_job.cc:1598] [default] [JOB 6] Compacted 4@0 files to L1 => 1889557 bytes
2021/04/27-23:38:42.939056 7fe1aeab1700 (Original Log Time 2021/04/27-23:38:42.938932) [/compaction/compaction_job.cc:830] [default] compacted to: files[0 1 0 0 0 0 0] max score 0.01, MB/sec: 32.5 rd, 15.8 wr, level 1, files in(4, 0) out(1) MB in(3.7, 0.0) out(1.8), read-write-amplify(1.5) write-amplify(0.5) OK, records in: 39041, records dropped: 16143 output_compression: Snappy
2021/04/27-23:38:42.939065 7fe1aeab1700 (Original Log Time 2021/04/27-23:38:42.938966) EVENT_LOG_v1 {"time_micros": 1619537922938954, "job": 6, "event": "compaction_finished", "compaction_time_micros": 119899, "compaction_time_cpu_micros": 91717, "output_level": 1, "num_output_files": 1, "total_output_size": 1889557, "num_input_records": 39041, "num_output_records": 22898, "num_subcompactions": 1, "output_compression": "Snappy", "num_single_delete_mismatches": 0, "num_single_delete_fallthrough": 0, "lsm_state": [0, 1, 0, 0, 0, 0, 0]}
2021/04/27-23:38:42.939477 7fe1aeab1700 [le/delete_scheduler.cc:73] Deleted file ./db/6/000018.sst immediately, rate_bytes_per_sec 0, total_trash_size 0 max_trash_db_ratio 0.250000
2021/04/27-23:38:42.939499 7fe1aeab1700 EVENT_LOG_v1 {"time_micros": 1619537922939496, "job": 6, "event": "table_file_deletion", "file_number": 18}
2021/04/27-23:38:42.939712 7fe1aeab1700 [le/delete_scheduler.cc:73] Deleted file ./db/6/000016.sst immediately, rate_bytes_per_sec 0, total_trash_size 0 max_trash_db_ratio 0.250000
2021/04/27-23:38:42.939720 7fe1aeab1700 EVENT_LOG_v1 {"time_micros": 1619537922939719, "job": 6, "event": "table_file_deletion", "file_number": 16}
