2021/03/20-23:27:27.607971 7f59feb90700 RocksDB version: 6.15.5
2021/03/20-23:27:27.608652 7f59feb90700 Git sha rocksdb_build_git_sha:
2021/03/20-23:27:27.608676 7f59feb90700 Compile date Mar 13 2021
2021/03/20-23:27:27.608887 7f59feb90700 DB SUMMARY
2021/03/20-23:27:27.608900 7f59feb90700 DB Session ID:  EHVD5ZV0AJ5MLKAAOZLN
2021/03/20-23:27:27.609077 7f59feb90700 CURRENT file:  CURRENT
2021/03/20-23:27:27.609094 7f59feb90700 IDENTITY file:  IDENTITY
2021/03/20-23:27:27.609110 7f59feb90700 MANIFEST file:  MANIFEST-000003 size: 57 Bytes
2021/03/20-23:27:27.609119 7f59feb90700 SST files in ./db/2 dir, Total Num: 0, files: 
2021/03/20-23:27:27.609128 7f59feb90700 Write Ahead Log file in ./db/2: 000004.log size: 133829 ; 
2021/03/20-23:27:27.609139 7f59feb90700                         Options.error_if_exists: 0
2021/03/20-23:27:27.609145 7f59feb90700                       Options.create_if_missing: 1
2021/03/20-23:27:27.609151 7f59feb90700                         Options.paranoid_checks: 1
2021/03/20-23:27:27.609156 7f59feb90700                               Options.track_and_verify_wals_in_manifest: 0
2021/03/20-23:27:27.609162 7f59feb90700                                     Options.env: 0x7f59cd890400
2021/03/20-23:27:27.609170 7f59feb90700                                      Options.fs: Posix File System
2021/03/20-23:27:27.609175 7f59feb90700                                Options.info_log: 0x7f59f431c500
2021/03/20-23:27:27.609181 7f59feb90700                Options.max_file_opening_threads: 16
2021/03/20-23:27:27.609187 7f59feb90700                              Options.statistics: (nil)
2021/03/20-23:27:27.609194 7f59feb90700                               Options.use_fsync: 0
2021/03/20-23:27:27.609200 7f59feb90700                       Options.max_log_file_size: 0
2021/03/20-23:27:27.609205 7f59feb90700                  Options.max_manifest_file_size: 1073741824
2021/03/20-23:27:27.609211 7f59feb90700                   Options.log_file_time_to_roll: 0
2021/03/20-23:27:27.609217 7f59feb90700                       Options.keep_log_file_num: 1000
2021/03/20-23:27:27.609223 7f59feb90700                    Options.recycle_log_file_num: 0
2021/03/20-23:27:27.609226 7f59feb90700                         Options.allow_fallocate: 1
2021/03/20-23:27:27.609230 7f59feb90700                        Options.allow_mmap_reads: 0
2021/03/20-23:27:27.609233 7f59feb90700                       Options.allow_mmap_writes: 0
2021/03/20-23:27:27.609236 7f59feb90700                        Options.use_direct_reads: 0
2021/03/20-23:27:27.609240 7f59feb90700                        Options.use_direct_io_for_flush_and_compaction: 0
2021/03/20-23:27:27.609243 7f59feb90700          Options.create_missing_column_families: 0
2021/03/20-23:27:27.609247 7f59feb90700                              Options.db_log_dir: 
2021/03/20-23:27:27.609250 7f59feb90700                                 Options.wal_dir: ./db/2
2021/03/20-23:27:27.609254 7f59feb90700                Options.table_cache_numshardbits: 6
2021/03/20-23:27:27.609257 7f59feb90700                         Options.WAL_ttl_seconds: 0
2021/03/20-23:27:27.609260 7f59feb90700                       Options.WAL_size_limit_MB: 0
2021/03/20-23:27:27.609263 7f59feb90700                        Options.max_write_batch_group_size_bytes: 1048576
2021/03/20-23:27:27.609267 7f59feb90700             Options.manifest_preallocation_size: 4194304
2021/03/20-23:27:27.609271 7f59feb90700                     Options.is_fd_close_on_exec: 1
2021/03/20-23:27:27.609274 7f59feb90700                   Options.advise_random_on_open: 1
2021/03/20-23:27:27.609277 7f59feb90700                    Options.db_write_buffer_size: 0
2021/03/20-23:27:27.609281 7f59feb90700                    Options.write_buffer_manager: 0x7f59f42890d0
2021/03/20-23:27:27.609284 7f59feb90700         Options.access_hint_on_compaction_start: 1
2021/03/20-23:27:27.609287 7f59feb90700  Options.new_table_reader_for_compaction_inputs: 0
2021/03/20-23:27:27.609291 7f59feb90700           Options.random_access_max_buffer_size: 1048576
2021/03/20-23:27:27.609294 7f59feb90700                      Options.use_adaptive_mutex: 0
2021/03/20-23:27:27.609352 7f59feb90700                            Options.rate_limiter: (nil)
2021/03/20-23:27:27.609363 7f59feb90700     Options.sst_file_manager.rate_bytes_per_sec: 0
2021/03/20-23:27:27.609368 7f59feb90700                       Options.wal_recovery_mode: 2
2021/03/20-23:27:27.609373 7f59feb90700                  Options.enable_thread_tracking: 0
2021/03/20-23:27:27.609378 7f59feb90700                  Options.enable_pipelined_write: 0
2021/03/20-23:27:27.609383 7f59feb90700                  Options.unordered_write: 0
2021/03/20-23:27:27.609388 7f59feb90700         Options.allow_concurrent_memtable_write: 1
2021/03/20-23:27:27.609394 7f59feb90700      Options.enable_write_thread_adaptive_yield: 1
2021/03/20-23:27:27.609398 7f59feb90700             Options.write_thread_max_yield_usec: 100
2021/03/20-23:27:27.609404 7f59feb90700            Options.write_thread_slow_yield_usec: 3
2021/03/20-23:27:27.609409 7f59feb90700                               Options.row_cache: None
2021/03/20-23:27:27.609414 7f59feb90700                              Options.wal_filter: None
2021/03/20-23:27:27.609420 7f59feb90700             Options.avoid_flush_during_recovery: 0
2021/03/20-23:27:27.609426 7f59feb90700             Options.allow_ingest_behind: 0
2021/03/20-23:27:27.609431 7f59feb90700             Options.preserve_deletes: 0
2021/03/20-23:27:27.609437 7f59feb90700             Options.two_write_queues: 0
2021/03/20-23:27:27.609442 7f59feb90700             Options.manual_wal_flush: 0
2021/03/20-23:27:27.609448 7f59feb90700             Options.atomic_flush: 0
2021/03/20-23:27:27.609454 7f59feb90700             Options.avoid_unnecessary_blocking_io: 0
2021/03/20-23:27:27.609459 7f59feb90700                 Options.persist_stats_to_disk: 0
2021/03/20-23:27:27.609465 7f59feb90700                 Options.write_dbid_to_manifest: 0
2021/03/20-23:27:27.609471 7f59feb90700                 Options.log_readahead_size: 0
2021/03/20-23:27:27.609477 7f59feb90700                 Options.file_checksum_gen_factory: Unknown
2021/03/20-23:27:27.609483 7f59feb90700                 Options.best_efforts_recovery: 0
2021/03/20-23:27:27.609489 7f59feb90700                Options.max_bgerror_resume_count: 2147483647
2021/03/20-23:27:27.609494 7f59feb90700            Options.bgerror_resume_retry_interval: 1000000
2021/03/20-23:27:27.609500 7f59feb90700             Options.allow_data_in_errors: 0
2021/03/20-23:27:27.609505 7f59feb90700             Options.db_host_id: __hostname__
2021/03/20-23:27:27.609512 7f59feb90700             Options.max_background_jobs: 2
2021/03/20-23:27:27.609518 7f59feb90700             Options.max_background_compactions: -1
2021/03/20-23:27:27.609523 7f59feb90700             Options.max_subcompactions: 1
2021/03/20-23:27:27.609528 7f59feb90700             Options.avoid_flush_during_shutdown: 0
2021/03/20-23:27:27.609534 7f59feb90700           Options.writable_file_max_buffer_size: 1048576
2021/03/20-23:27:27.609540 7f59feb90700             Options.delayed_write_rate : 16777216
2021/03/20-23:27:27.609545 7f59feb90700             Options.max_total_wal_size: 0
2021/03/20-23:27:27.609549 7f59feb90700             Options.delete_obsolete_files_period_micros: 21600000000
2021/03/20-23:27:27.609553 7f59feb90700                   Options.stats_dump_period_sec: 600
2021/03/20-23:27:27.609556 7f59feb90700                 Options.stats_persist_period_sec: 600
2021/03/20-23:27:27.609560 7f59feb90700                 Options.stats_history_buffer_size: 1048576
2021/03/20-23:27:27.609563 7f59feb90700                          Options.max_open_files: -1
2021/03/20-23:27:27.609566 7f59feb90700                          Options.bytes_per_sync: 0
2021/03/20-23:27:27.609570 7f59feb90700                      Options.wal_bytes_per_sync: 0
2021/03/20-23:27:27.609573 7f59feb90700                   Options.strict_bytes_per_sync: 0
2021/03/20-23:27:27.609576 7f59feb90700       Options.compaction_readahead_size: 0
2021/03/20-23:27:27.609580 7f59feb90700                  Options.max_background_flushes: -1
2021/03/20-23:27:27.609583 7f59feb90700 Compression algorithms supported:
2021/03/20-23:27:27.609628 7f59feb90700 	kZSTDNotFinalCompression supported: 1
2021/03/20-23:27:27.609639 7f59feb90700 	kZSTD supported: 1
2021/03/20-23:27:27.609644 7f59feb90700 	kXpressCompression supported: 0
2021/03/20-23:27:27.609650 7f59feb90700 	kLZ4HCCompression supported: 1
2021/03/20-23:27:27.609656 7f59feb90700 	kLZ4Compression supported: 1
2021/03/20-23:27:27.609662 7f59feb90700 	kBZip2Compression supported: 1
2021/03/20-23:27:27.609669 7f59feb90700 	kZlibCompression supported: 1
2021/03/20-23:27:27.609675 7f59feb90700 	kSnappyCompression supported: 1
2021/03/20-23:27:27.609687 7f59feb90700 Fast CRC32 supported: Not supported on x86
2021/03/20-23:27:27.609909 7f59feb90700 [/version_set.cc:4725] Recovering from manifest file: ./db/2/MANIFEST-000003
2021/03/20-23:27:27.610275 7f59feb90700 [/column_family.cc:597] --------------- Options for column family [default]:
2021/03/20-23:27:27.610288 7f59feb90700               Options.comparator: leveldb.BytewiseComparator
2021/03/20-23:27:27.610292 7f59feb90700           Options.merge_operator: None
2021/03/20-23:27:27.610296 7f59feb90700        Options.compaction_filter: None
2021/03/20-23:27:27.610299 7f59feb90700        Options.compaction_filter_factory: None
2021/03/20-23:27:27.610303 7f59feb90700  Options.sst_partitioner_factory: None
2021/03/20-23:27:27.610306 7f59feb90700         Options.memtable_factory: SkipListFactory
2021/03/20-23:27:27.610310 7f59feb90700            Options.table_factory: BlockBasedTable
2021/03/20-23:27:27.610387 7f59feb90700            table_factory options:   flush_block_policy_factory: FlushBlockBySizePolicyFactory (0x7f59f423be80)
  cache_index_and_filter_blocks: 0
  cache_index_and_filter_blocks_with_high_priority: 1
  pin_l0_filter_and_index_blocks_in_cache: 0
  pin_top_level_index_and_filter: 1
  index_type: 0
  data_block_index_type: 0
  index_shortening: 1
  data_block_hash_table_util_ratio: 0.750000
  hash_index_allow_collision: 1
  checksum: 1
  no_block_cache: 0
  block_cache: 0x7f59f4229c80
  block_cache_name: LRUCache
  block_cache_options:
    capacity : 8388608
    num_shard_bits : 4
    strict_capacity_limit : 0
    memory_allocator : None
    high_pri_pool_ratio: 0.000
  block_cache_compressed: (nil)
  persistent_cache: (nil)
  block_size: 4096
  block_size_deviation: 10
  block_restart_interval: 16
  index_block_restart_interval: 1
  metadata_block_size: 4096
  partition_filters: 0
  use_delta_encoding: 1
  filter_policy: nullptr
  whole_key_filtering: 1
  verify_compression: 0
  read_amp_bytes_per_bit: 0
  format_version: 4
  enable_index_compression: 1
  block_align: 0
2021/03/20-23:27:27.610393 7f59feb90700        Options.write_buffer_size: 67108864
2021/03/20-23:27:27.610397 7f59feb90700  Options.max_write_buffer_number: 2
2021/03/20-23:27:27.610401 7f59feb90700          Options.compression: Snappy
2021/03/20-23:27:27.610405 7f59feb90700                  Options.bottommost_compression: Disabled
2021/03/20-23:27:27.610408 7f59feb90700       Options.prefix_extractor: nullptr
2021/03/20-23:27:27.610412 7f59feb90700   Options.memtable_insert_with_hint_prefix_extractor: nullptr
2021/03/20-23:27:27.610415 7f59feb90700             Options.num_levels: 7
2021/03/20-23:27:27.610419 7f59feb90700        Options.min_write_buffer_number_to_merge: 1
2021/03/20-23:27:27.610422 7f59feb90700     Options.max_write_buffer_number_to_maintain: 0
2021/03/20-23:27:27.610425 7f59feb90700     Options.max_write_buffer_size_to_maintain: 0
2021/03/20-23:27:27.610429 7f59feb90700            Options.bottommost_compression_opts.window_bits: -14
2021/03/20-23:27:27.610432 7f59feb90700                  Options.bottommost_compression_opts.level: 32767
2021/03/20-23:27:27.610436 7f59feb90700               Options.bottommost_compression_opts.strategy: 0
2021/03/20-23:27:27.610439 7f59feb90700         Options.bottommost_compression_opts.max_dict_bytes: 0
2021/03/20-23:27:27.610443 7f59feb90700         Options.bottommost_compression_opts.zstd_max_train_bytes: 0
2021/03/20-23:27:27.610446 7f59feb90700         Options.bottommost_compression_opts.parallel_threads: 1
2021/03/20-23:27:27.610509 7f59feb90700                  Options.bottommost_compression_opts.enabled: false
2021/03/20-23:27:27.610529 7f59feb90700            Options.compression_opts.window_bits: -14
2021/03/20-23:27:27.610536 7f59feb90700                  Options.compression_opts.level: 32767
2021/03/20-23:27:27.610542 7f59feb90700               Options.compression_opts.strategy: 0
2021/03/20-23:27:27.610547 7f59feb90700         Options.compression_opts.max_dict_bytes: 0
2021/03/20-23:27:27.610553 7f59feb90700         Options.compression_opts.zstd_max_train_bytes: 0
2021/03/20-23:27:27.610559 7f59feb90700         Options.compression_opts.parallel_threads: 1
2021/03/20-23:27:27.610565 7f59feb90700                  Options.compression_opts.enabled: false
2021/03/20-23:27:27.610571 7f59feb90700      Options.level0_file_num_compaction_trigger: 4
2021/03/20-23:27:27.610578 7f59feb90700          Options.level0_slowdown_writes_trigger: 20
2021/03/20-23:27:27.610584 7f59feb90700              Options.level0_stop_writes_trigger: 36
2021/03/20-23:27:27.610591 7f59feb90700                   Options.target_file_size_base: 67108864
2021/03/20-23:27:27.610597 7f59feb90700             Options.target_file_size_multiplier: 1
2021/03/20-23:27:27.610604 7f59feb90700                Options.max_bytes_for_level_base: 268435456
2021/03/20-23:27:27.610610 7f59feb90700 Options.level_compaction_dynamic_level_bytes: 0
2021/03/20-23:27:27.610617 7f59feb90700          Options.max_bytes_for_level_multiplier: 10.000000
2021/03/20-23:27:27.610630 7f59feb90700 Options.max_bytes_for_level_multiplier_addtl[0]: 1
2021/03/20-23:27:27.610637 7f59feb90700 Options.max_bytes_for_level_multiplier_addtl[1]: 1
2021/03/20-23:27:27.610643 7f59feb90700 Options.max_bytes_for_level_multiplier_addtl[2]: 1
2021/03/20-23:27:27.610649 7f59feb90700 Options.max_bytes_for_level_multiplier_addtl[3]: 1
2021/03/20-23:27:27.610656 7f59feb90700 Options.max_bytes_for_level_multiplier_addtl[4]: 1
2021/03/20-23:27:27.610663 7f59feb90700 Options.max_bytes_for_level_multiplier_addtl[5]: 1
2021/03/20-23:27:27.610669 7f59feb90700 Options.max_bytes_for_level_multiplier_addtl[6]: 1
2021/03/20-23:27:27.610675 7f59feb90700       Options.max_sequential_skip_in_iterations: 8
2021/03/20-23:27:27.610682 7f59feb90700                    Options.max_compaction_bytes: 1677721600
2021/03/20-23:27:27.610689 7f59feb90700                        Options.arena_block_size: 8388608
2021/03/20-23:27:27.610694 7f59feb90700   Options.soft_pending_compaction_bytes_limit: 68719476736
2021/03/20-23:27:27.610697 7f59feb90700   Options.hard_pending_compaction_bytes_limit: 274877906944
2021/03/20-23:27:27.610701 7f59feb90700       Options.rate_limit_delay_max_milliseconds: 100
2021/03/20-23:27:27.610705 7f59feb90700                Options.disable_auto_compactions: 0
2021/03/20-23:27:27.610709 7f59feb90700                        Options.compaction_style: kCompactionStyleLevel
2021/03/20-23:27:27.610714 7f59feb90700                          Options.compaction_pri: kMinOverlappingRatio
2021/03/20-23:27:27.610717 7f59feb90700 Options.compaction_options_universal.size_ratio: 1
2021/03/20-23:27:27.610721 7f59feb90700 Options.compaction_options_universal.min_merge_width: 2
2021/03/20-23:27:27.610724 7f59feb90700 Options.compaction_options_universal.max_merge_width: 4294967295
2021/03/20-23:27:27.610727 7f59feb90700 Options.compaction_options_universal.max_size_amplification_percent: 200
2021/03/20-23:27:27.610731 7f59feb90700 Options.compaction_options_universal.compression_size_percent: -1
2021/03/20-23:27:27.610735 7f59feb90700 Options.compaction_options_universal.stop_style: kCompactionStopStyleTotalSize
2021/03/20-23:27:27.610738 7f59feb90700 Options.compaction_options_fifo.max_table_files_size: 1073741824
2021/03/20-23:27:27.610742 7f59feb90700 Options.compaction_options_fifo.allow_compaction: 0
2021/03/20-23:27:27.610756 7f59feb90700                   Options.table_properties_collectors: 
2021/03/20-23:27:27.610761 7f59feb90700                   Options.inplace_update_support: 0
2021/03/20-23:27:27.610815 7f59feb90700                 Options.inplace_update_num_locks: 10000
2021/03/20-23:27:27.610824 7f59feb90700               Options.memtable_prefix_bloom_size_ratio: 0.000000
2021/03/20-23:27:27.610834 7f59feb90700               Options.memtable_whole_key_filtering: 0
2021/03/20-23:27:27.610840 7f59feb90700   Options.memtable_huge_page_size: 0
2021/03/20-23:27:27.610846 7f59feb90700                           Options.bloom_locality: 0
2021/03/20-23:27:27.610852 7f59feb90700                    Options.max_successive_merges: 0
2021/03/20-23:27:27.610858 7f59feb90700                Options.optimize_filters_for_hits: 0
2021/03/20-23:27:27.610863 7f59feb90700                Options.paranoid_file_checks: 0
2021/03/20-23:27:27.610868 7f59feb90700                Options.force_consistency_checks: 1
2021/03/20-23:27:27.610875 7f59feb90700                Options.report_bg_io_stats: 0
2021/03/20-23:27:27.610880 7f59feb90700                               Options.ttl: 2592000
2021/03/20-23:27:27.610886 7f59feb90700          Options.periodic_compaction_seconds: 0
2021/03/20-23:27:27.610892 7f59feb90700                    Options.enable_blob_files: false
2021/03/20-23:27:27.610898 7f59feb90700                        Options.min_blob_size: 0
2021/03/20-23:27:27.610904 7f59feb90700                       Options.blob_file_size: 268435456
2021/03/20-23:27:27.610912 7f59feb90700                Options.blob_compression_type: NoCompression
2021/03/20-23:27:27.610919 7f59feb90700       Options.enable_blob_garbage_collection: false
2021/03/20-23:27:27.610925 7f59feb90700   Options.blob_garbage_collection_age_cutoff: 0.250000
2021/03/20-23:27:27.621580 7f59feb90700 [/version_set.cc:4773] Recovered from manifest file:./db/2/MANIFEST-000003 succeeded,manifest_file_number is 3, next_file_number is 5, last_sequence is 0, log_number is 0,prev_log_number is 0,max_column_family is 0,min_log_number_to_keep is 0
2021/03/20-23:27:27.621633 7f59feb90700 [/version_set.cc:4782] Column family [default] (ID 0), log number is 0
2021/03/20-23:27:27.622030 7f59feb90700 [/version_set.cc:4083] Creating manifest 7
2021/03/20-23:27:27.652472 7f59feb90700 EVENT_LOG_v1 {"time_micros": 1616254047652454, "job": 1, "event": "recovery_started", "wal_files": [4]}
2021/03/20-23:27:27.652501 7f59feb90700 [/db_impl/db_impl_open.cc:847] Recovering log #4 mode 2
2021/03/20-23:27:27.666501 7f59feb90700 EVENT_LOG_v1 {"time_micros": 1616254047666296, "cf_name": "default", "job": 1, "event": "table_file_creation", "file_number": 8, "file_size": 42469, "file_checksum": "", "file_checksum_func_name": "Unknown", "table_properties": {"data_size": 41247, "index_size": 771, "index_partitions": 0, "top_level_index_size": 0, "index_key_is_user_key": 1, "index_value_is_delta_encoded": 1, "filter_size": 0, "raw_key_size": 1243, "raw_average_key_size": 41, "raw_value_size": 132108, "raw_average_value_size": 4403, "num_data_blocks": 21, "num_entries": 30, "num_deletions": 0, "num_merge_operands": 0, "num_range_deletions": 0, "format_version": 0, "fixed_key_len": 0, "filter_policy": "", "column_family_name": "default", "column_family_id": 0, "comparator": "leveldb.BytewiseComparator", "merge_operator": "nullptr", "prefix_extractor_name": "nullptr", "property_collectors": "[]", "compression": "Snappy", "compression_options": "window_bits=-14; level=32767; strategy=0; max_dict_bytes=0; zstd_max_train_bytes=0; enabled=0; ", "creation_time": 1616254047, "oldest_key_time": 0, "file_creation_time": 0, "db_id": "6a56d4cb-8d1b-41ff-8d14-58d88af999a0", "db_session_id": "EHVD5ZV0AJ5MLKAAOZLN"}}
2021/03/20-23:27:27.666824 7f59feb90700 [/version_set.cc:4083] Creating manifest 9
2021/03/20-23:27:27.705687 7f59feb90700 EVENT_LOG_v1 {"time_micros": 1616254047705657, "job": 1, "event": "recovery_finished"}
2021/03/20-23:27:27.709494 7f59feb90700 [le/delete_scheduler.cc:73] Deleted file ./db/2/000004.log immediately, rate_bytes_per_sec 0, total_trash_size 0 max_trash_db_ratio 0.250000
2021/03/20-23:27:27.729958 7f59feb90700 [/db_impl/db_impl_open.cc:1701] SstFileManager instance 0x7f59f42d0ed0
2021/03/20-23:27:27.730070 7f59feb90700 DB pointer 0x7f59f42cf8c0
