2021/03/20-23:27:27.487494 7f59feb90700 RocksDB version: 6.15.5
2021/03/20-23:27:27.487555 7f59feb90700 Git sha rocksdb_build_git_sha:
2021/03/20-23:27:27.487559 7f59feb90700 Compile date Mar 13 2021
2021/03/20-23:27:27.487637 7f59feb90700 DB SUMMARY
2021/03/20-23:27:27.487640 7f59feb90700 DB Session ID:  UPL5O7U8CIIUATXW9RB9
2021/03/20-23:27:27.487675 7f59feb90700 CURRENT file:  CURRENT
2021/03/20-23:27:27.487677 7f59feb90700 IDENTITY file:  IDENTITY
2021/03/20-23:27:27.487680 7f59feb90700 MANIFEST file:  MANIFEST-000003 size: 57 Bytes
2021/03/20-23:27:27.487682 7f59feb90700 SST files in ./db/0 dir, Total Num: 0, files: 
2021/03/20-23:27:27.487684 7f59feb90700 Write Ahead Log file in ./db/0: 000004.log size: 1962 ; 
2021/03/20-23:27:27.487687 7f59feb90700                         Options.error_if_exists: 0
2021/03/20-23:27:27.487688 7f59feb90700                       Options.create_if_missing: 1
2021/03/20-23:27:27.487690 7f59feb90700                         Options.paranoid_checks: 1
2021/03/20-23:27:27.487691 7f59feb90700                               Options.track_and_verify_wals_in_manifest: 0
2021/03/20-23:27:27.487692 7f59feb90700                                     Options.env: 0x7f59cd890400
2021/03/20-23:27:27.487693 7f59feb90700                                      Options.fs: Posix File System
2021/03/20-23:27:27.487695 7f59feb90700                                Options.info_log: 0x7f59f423d960
2021/03/20-23:27:27.487696 7f59feb90700                Options.max_file_opening_threads: 16
2021/03/20-23:27:27.487697 7f59feb90700                              Options.statistics: (nil)
2021/03/20-23:27:27.487698 7f59feb90700                               Options.use_fsync: 0
2021/03/20-23:27:27.487699 7f59feb90700                       Options.max_log_file_size: 0
2021/03/20-23:27:27.487701 7f59feb90700                  Options.max_manifest_file_size: 1073741824
2021/03/20-23:27:27.487702 7f59feb90700                   Options.log_file_time_to_roll: 0
2021/03/20-23:27:27.487703 7f59feb90700                       Options.keep_log_file_num: 1000
2021/03/20-23:27:27.487704 7f59feb90700                    Options.recycle_log_file_num: 0
2021/03/20-23:27:27.487705 7f59feb90700                         Options.allow_fallocate: 1
2021/03/20-23:27:27.487706 7f59feb90700                        Options.allow_mmap_reads: 0
2021/03/20-23:27:27.487707 7f59feb90700                       Options.allow_mmap_writes: 0
2021/03/20-23:27:27.487708 7f59feb90700                        Options.use_direct_reads: 0
2021/03/20-23:27:27.487709 7f59feb90700                        Options.use_direct_io_for_flush_and_compaction: 0
2021/03/20-23:27:27.487711 7f59feb90700          Options.create_missing_column_families: 0
2021/03/20-23:27:27.487712 7f59feb90700                              Options.db_log_dir: 
2021/03/20-23:27:27.487713 7f59feb90700                                 Options.wal_dir: ./db/0
2021/03/20-23:27:27.487714 7f59feb90700                Options.table_cache_numshardbits: 6
2021/03/20-23:27:27.487715 7f59feb90700                         Options.WAL_ttl_seconds: 0
2021/03/20-23:27:27.487716 7f59feb90700                       Options.WAL_size_limit_MB: 0
2021/03/20-23:27:27.487717 7f59feb90700                        Options.max_write_batch_group_size_bytes: 1048576
2021/03/20-23:27:27.487718 7f59feb90700             Options.manifest_preallocation_size: 4194304
2021/03/20-23:27:27.487720 7f59feb90700                     Options.is_fd_close_on_exec: 1
2021/03/20-23:27:27.487721 7f59feb90700                   Options.advise_random_on_open: 1
2021/03/20-23:27:27.487722 7f59feb90700                    Options.db_write_buffer_size: 0
2021/03/20-23:27:27.487723 7f59feb90700                    Options.write_buffer_manager: 0x7f59f423d930
2021/03/20-23:27:27.487724 7f59feb90700         Options.access_hint_on_compaction_start: 1
2021/03/20-23:27:27.487725 7f59feb90700  Options.new_table_reader_for_compaction_inputs: 0
2021/03/20-23:27:27.487726 7f59feb90700           Options.random_access_max_buffer_size: 1048576
2021/03/20-23:27:27.487727 7f59feb90700                      Options.use_adaptive_mutex: 0
2021/03/20-23:27:27.487728 7f59feb90700                            Options.rate_limiter: (nil)
2021/03/20-23:27:27.487744 7f59feb90700     Options.sst_file_manager.rate_bytes_per_sec: 0
2021/03/20-23:27:27.487745 7f59feb90700                       Options.wal_recovery_mode: 2
2021/03/20-23:27:27.487746 7f59feb90700                  Options.enable_thread_tracking: 0
2021/03/20-23:27:27.487747 7f59feb90700                  Options.enable_pipelined_write: 0
2021/03/20-23:27:27.487749 7f59feb90700                  Options.unordered_write: 0
2021/03/20-23:27:27.487750 7f59feb90700         Options.allow_concurrent_memtable_write: 1
2021/03/20-23:27:27.487751 7f59feb90700      Options.enable_write_thread_adaptive_yield: 1
2021/03/20-23:27:27.487752 7f59feb90700             Options.write_thread_max_yield_usec: 100
2021/03/20-23:27:27.487753 7f59feb90700            Options.write_thread_slow_yield_usec: 3
2021/03/20-23:27:27.487754 7f59feb90700                               Options.row_cache: None
2021/03/20-23:27:27.487755 7f59feb90700                              Options.wal_filter: None
2021/03/20-23:27:27.487757 7f59feb90700             Options.avoid_flush_during_recovery: 0
2021/03/20-23:27:27.487758 7f59feb90700             Options.allow_ingest_behind: 0
2021/03/20-23:27:27.487759 7f59feb90700             Options.preserve_deletes: 0
2021/03/20-23:27:27.487760 7f59feb90700             Options.two_write_queues: 0
2021/03/20-23:27:27.487761 7f59feb90700             Options.manual_wal_flush: 0
2021/03/20-23:27:27.487762 7f59feb90700             Options.atomic_flush: 0
2021/03/20-23:27:27.487763 7f59feb90700             Options.avoid_unnecessary_blocking_io: 0
2021/03/20-23:27:27.487764 7f59feb90700                 Options.persist_stats_to_disk: 0
2021/03/20-23:27:27.487765 7f59feb90700                 Options.write_dbid_to_manifest: 0
2021/03/20-23:27:27.487766 7f59feb90700                 Options.log_readahead_size: 0
2021/03/20-23:27:27.487767 7f59feb90700                 Options.file_checksum_gen_factory: Unknown
2021/03/20-23:27:27.487769 7f59feb90700                 Options.best_efforts_recovery: 0
2021/03/20-23:27:27.487770 7f59feb90700                Options.max_bgerror_resume_count: 2147483647
2021/03/20-23:27:27.487771 7f59feb90700            Options.bgerror_resume_retry_interval: 1000000
2021/03/20-23:27:27.487772 7f59feb90700             Options.allow_data_in_errors: 0
2021/03/20-23:27:27.487773 7f59feb90700             Options.db_host_id: __hostname__
2021/03/20-23:27:27.487775 7f59feb90700             Options.max_background_jobs: 2
2021/03/20-23:27:27.487776 7f59feb90700             Options.max_background_compactions: -1
2021/03/20-23:27:27.487777 7f59feb90700             Options.max_subcompactions: 1
2021/03/20-23:27:27.487778 7f59feb90700             Options.avoid_flush_during_shutdown: 0
2021/03/20-23:27:27.487780 7f59feb90700           Options.writable_file_max_buffer_size: 1048576
2021/03/20-23:27:27.487781 7f59feb90700             Options.delayed_write_rate : 16777216
2021/03/20-23:27:27.487782 7f59feb90700             Options.max_total_wal_size: 0
2021/03/20-23:27:27.487783 7f59feb90700             Options.delete_obsolete_files_period_micros: 21600000000
2021/03/20-23:27:27.487784 7f59feb90700                   Options.stats_dump_period_sec: 600
2021/03/20-23:27:27.487785 7f59feb90700                 Options.stats_persist_period_sec: 600
2021/03/20-23:27:27.487786 7f59feb90700                 Options.stats_history_buffer_size: 1048576
2021/03/20-23:27:27.487788 7f59feb90700                          Options.max_open_files: -1
2021/03/20-23:27:27.487789 7f59feb90700                          Options.bytes_per_sync: 0
2021/03/20-23:27:27.487790 7f59feb90700                      Options.wal_bytes_per_sync: 0
2021/03/20-23:27:27.487791 7f59feb90700                   Options.strict_bytes_per_sync: 0
2021/03/20-23:27:27.487792 7f59feb90700       Options.compaction_readahead_size: 0
2021/03/20-23:27:27.487793 7f59feb90700                  Options.max_background_flushes: -1
2021/03/20-23:27:27.487794 7f59feb90700 Compression algorithms supported:
2021/03/20-23:27:27.487804 7f59feb90700 	kZSTDNotFinalCompression supported: 1
2021/03/20-23:27:27.487812 7f59feb90700 	kZSTD supported: 1
2021/03/20-23:27:27.487813 7f59feb90700 	kXpressCompression supported: 0
2021/03/20-23:27:27.487814 7f59feb90700 	kLZ4HCCompression supported: 1
2021/03/20-23:27:27.487816 7f59feb90700 	kLZ4Compression supported: 1
2021/03/20-23:27:27.487817 7f59feb90700 	kBZip2Compression supported: 1
2021/03/20-23:27:27.487818 7f59feb90700 	kZlibCompression supported: 1
2021/03/20-23:27:27.487819 7f59feb90700 	kSnappyCompression supported: 1
2021/03/20-23:27:27.487822 7f59feb90700 Fast CRC32 supported: Not supported on x86
2021/03/20-23:27:27.487927 7f59feb90700 [/version_set.cc:4725] Recovering from manifest file: ./db/0/MANIFEST-000003
2021/03/20-23:27:27.488103 7f59feb90700 [/column_family.cc:597] --------------- Options for column family [default]:
2021/03/20-23:27:27.488107 7f59feb90700               Options.comparator: leveldb.BytewiseComparator
2021/03/20-23:27:27.488108 7f59feb90700           Options.merge_operator: None
2021/03/20-23:27:27.488110 7f59feb90700        Options.compaction_filter: None
2021/03/20-23:27:27.488111 7f59feb90700        Options.compaction_filter_factory: None
2021/03/20-23:27:27.488112 7f59feb90700  Options.sst_partitioner_factory: None
2021/03/20-23:27:27.488113 7f59feb90700         Options.memtable_factory: SkipListFactory
2021/03/20-23:27:27.488114 7f59feb90700            Options.table_factory: BlockBasedTable
2021/03/20-23:27:27.488143 7f59feb90700            table_factory options:   flush_block_policy_factory: FlushBlockBySizePolicyFactory (0x7f59f423be80)
  cache_index_and_filter_blocks: 0
  cache_index_and_filter_blocks_with_high_priority: 1
  pin_l0_filter_and_index_blocks_in_cache: 0
  pin_top_level_index_and_filter: 1
  index_type: 0
  data_block_index_type: 0
  index_shortening: 1
  data_block_hash_table_util_ratio: 0.750000
  hash_index_allow_collision: 1
  checksum: 1
  no_block_cache: 0
  block_cache: 0x7f59f4229c80
  block_cache_name: LRUCache
  block_cache_options:
    capacity : 8388608
    num_shard_bits : 4
    strict_capacity_limit : 0
    memory_allocator : None
    high_pri_pool_ratio: 0.000
  block_cache_compressed: (nil)
  persistent_cache: (nil)
  block_size: 4096
  block_size_deviation: 10
  block_restart_interval: 16
  index_block_restart_interval: 1
  metadata_block_size: 4096
  partition_filters: 0
  use_delta_encoding: 1
  filter_policy: nullptr
  whole_key_filtering: 1
  verify_compression: 0
  read_amp_bytes_per_bit: 0
  format_version: 4
  enable_index_compression: 1
  block_align: 0
2021/03/20-23:27:27.488145 7f59feb90700        Options.write_buffer_size: 67108864
2021/03/20-23:27:27.488146 7f59feb90700  Options.max_write_buffer_number: 2
2021/03/20-23:27:27.488148 7f59feb90700          Options.compression: Snappy
2021/03/20-23:27:27.488149 7f59feb90700                  Options.bottommost_compression: Disabled
2021/03/20-23:27:27.488150 7f59feb90700       Options.prefix_extractor: nullptr
2021/03/20-23:27:27.488151 7f59feb90700   Options.memtable_insert_with_hint_prefix_extractor: nullptr
2021/03/20-23:27:27.488153 7f59feb90700             Options.num_levels: 7
2021/03/20-23:27:27.488154 7f59feb90700        Options.min_write_buffer_number_to_merge: 1
2021/03/20-23:27:27.488155 7f59feb90700     Options.max_write_buffer_number_to_maintain: 0
2021/03/20-23:27:27.488156 7f59feb90700     Options.max_write_buffer_size_to_maintain: 0
2021/03/20-23:27:27.488157 7f59feb90700            Options.bottommost_compression_opts.window_bits: -14
2021/03/20-23:27:27.488158 7f59feb90700                  Options.bottommost_compression_opts.level: 32767
2021/03/20-23:27:27.488159 7f59feb90700               Options.bottommost_compression_opts.strategy: 0
2021/03/20-23:27:27.488161 7f59feb90700         Options.bottommost_compression_opts.max_dict_bytes: 0
2021/03/20-23:27:27.488162 7f59feb90700         Options.bottommost_compression_opts.zstd_max_train_bytes: 0
2021/03/20-23:27:27.488163 7f59feb90700         Options.bottommost_compression_opts.parallel_threads: 1
2021/03/20-23:27:27.488177 7f59feb90700                  Options.bottommost_compression_opts.enabled: false
2021/03/20-23:27:27.488179 7f59feb90700            Options.compression_opts.window_bits: -14
2021/03/20-23:27:27.488180 7f59feb90700                  Options.compression_opts.level: 32767
2021/03/20-23:27:27.488181 7f59feb90700               Options.compression_opts.strategy: 0
2021/03/20-23:27:27.488182 7f59feb90700         Options.compression_opts.max_dict_bytes: 0
2021/03/20-23:27:27.488184 7f59feb90700         Options.compression_opts.zstd_max_train_bytes: 0
2021/03/20-23:27:27.488185 7f59feb90700         Options.compression_opts.parallel_threads: 1
2021/03/20-23:27:27.488186 7f59feb90700                  Options.compression_opts.enabled: false
2021/03/20-23:27:27.488187 7f59feb90700      Options.level0_file_num_compaction_trigger: 4
2021/03/20-23:27:27.488188 7f59feb90700          Options.level0_slowdown_writes_trigger: 20
2021/03/20-23:27:27.488189 7f59feb90700              Options.level0_stop_writes_trigger: 36
2021/03/20-23:27:27.488190 7f59feb90700                   Options.target_file_size_base: 67108864
2021/03/20-23:27:27.488191 7f59feb90700             Options.target_file_size_multiplier: 1
2021/03/20-23:27:27.488193 7f59feb90700                Options.max_bytes_for_level_base: 268435456
2021/03/20-23:27:27.488194 7f59feb90700 Options.level_compaction_dynamic_level_bytes: 0
2021/03/20-23:27:27.488195 7f59feb90700          Options.max_bytes_for_level_multiplier: 10.000000
2021/03/20-23:27:27.488197 7f59feb90700 Options.max_bytes_for_level_multiplier_addtl[0]: 1
2021/03/20-23:27:27.488198 7f59feb90700 Options.max_bytes_for_level_multiplier_addtl[1]: 1
2021/03/20-23:27:27.488200 7f59feb90700 Options.max_bytes_for_level_multiplier_addtl[2]: 1
2021/03/20-23:27:27.488201 7f59feb90700 Options.max_bytes_for_level_multiplier_addtl[3]: 1
2021/03/20-23:27:27.488202 7f59feb90700 Options.max_bytes_for_level_multiplier_addtl[4]: 1
2021/03/20-23:27:27.488203 7f59feb90700 Options.max_bytes_for_level_multiplier_addtl[5]: 1
2021/03/20-23:27:27.488204 7f59feb90700 Options.max_bytes_for_level_multiplier_addtl[6]: 1
2021/03/20-23:27:27.488205 7f59feb90700       Options.max_sequential_skip_in_iterations: 8
2021/03/20-23:27:27.488206 7f59feb90700                    Options.max_compaction_bytes: 1677721600
2021/03/20-23:27:27.488208 7f59feb90700                        Options.arena_block_size: 8388608
2021/03/20-23:27:27.488209 7f59feb90700   Options.soft_pending_compaction_bytes_limit: 68719476736
2021/03/20-23:27:27.488210 7f59feb90700   Options.hard_pending_compaction_bytes_limit: 274877906944
2021/03/20-23:27:27.488211 7f59feb90700       Options.rate_limit_delay_max_milliseconds: 100
2021/03/20-23:27:27.488212 7f59feb90700                Options.disable_auto_compactions: 0
2021/03/20-23:27:27.488214 7f59feb90700                        Options.compaction_style: kCompactionStyleLevel
2021/03/20-23:27:27.488216 7f59feb90700                          Options.compaction_pri: kMinOverlappingRatio
2021/03/20-23:27:27.488217 7f59feb90700 Options.compaction_options_universal.size_ratio: 1
2021/03/20-23:27:27.488218 7f59feb90700 Options.compaction_options_universal.min_merge_width: 2
2021/03/20-23:27:27.488220 7f59feb90700 Options.compaction_options_universal.max_merge_width: 4294967295
2021/03/20-23:27:27.488221 7f59feb90700 Options.compaction_options_universal.max_size_amplification_percent: 200
2021/03/20-23:27:27.488222 7f59feb90700 Options.compaction_options_universal.compression_size_percent: -1
2021/03/20-23:27:27.488223 7f59feb90700 Options.compaction_options_universal.stop_style: kCompactionStopStyleTotalSize
2021/03/20-23:27:27.488224 7f59feb90700 Options.compaction_options_fifo.max_table_files_size: 1073741824
2021/03/20-23:27:27.488225 7f59feb90700 Options.compaction_options_fifo.allow_compaction: 0
2021/03/20-23:27:27.488229 7f59feb90700                   Options.table_properties_collectors: 
2021/03/20-23:27:27.488230 7f59feb90700                   Options.inplace_update_support: 0
2021/03/20-23:27:27.488231 7f59feb90700                 Options.inplace_update_num_locks: 10000
2021/03/20-23:27:27.488239 7f59feb90700               Options.memtable_prefix_bloom_size_ratio: 0.000000
2021/03/20-23:27:27.488241 7f59feb90700               Options.memtable_whole_key_filtering: 0
2021/03/20-23:27:27.488242 7f59feb90700   Options.memtable_huge_page_size: 0
2021/03/20-23:27:27.488243 7f59feb90700                           Options.bloom_locality: 0
2021/03/20-23:27:27.488245 7f59feb90700                    Options.max_successive_merges: 0
2021/03/20-23:27:27.488246 7f59feb90700                Options.optimize_filters_for_hits: 0
2021/03/20-23:27:27.488247 7f59feb90700                Options.paranoid_file_checks: 0
2021/03/20-23:27:27.488248 7f59feb90700                Options.force_consistency_checks: 1
2021/03/20-23:27:27.488249 7f59feb90700                Options.report_bg_io_stats: 0
2021/03/20-23:27:27.488250 7f59feb90700                               Options.ttl: 2592000
2021/03/20-23:27:27.488251 7f59feb90700          Options.periodic_compaction_seconds: 0
2021/03/20-23:27:27.488252 7f59feb90700                    Options.enable_blob_files: false
2021/03/20-23:27:27.488253 7f59feb90700                        Options.min_blob_size: 0
2021/03/20-23:27:27.488254 7f59feb90700                       Options.blob_file_size: 268435456
2021/03/20-23:27:27.488256 7f59feb90700                Options.blob_compression_type: NoCompression
2021/03/20-23:27:27.488257 7f59feb90700       Options.enable_blob_garbage_collection: false
2021/03/20-23:27:27.488258 7f59feb90700   Options.blob_garbage_collection_age_cutoff: 0.250000
2021/03/20-23:27:27.489265 7f59feb90700 [/version_set.cc:4773] Recovered from manifest file:./db/0/MANIFEST-000003 succeeded,manifest_file_number is 3, next_file_number is 5, last_sequence is 0, log_number is 0,prev_log_number is 0,max_column_family is 0,min_log_number_to_keep is 0
2021/03/20-23:27:27.489271 7f59feb90700 [/version_set.cc:4782] Column family [default] (ID 0), log number is 0
2021/03/20-23:27:27.489350 7f59feb90700 [/version_set.cc:4083] Creating manifest 7
2021/03/20-23:27:27.505198 7f59feb90700 EVENT_LOG_v1 {"time_micros": 1616254047505182, "job": 1, "event": "recovery_started", "wal_files": [4]}
2021/03/20-23:27:27.505215 7f59feb90700 [/db_impl/db_impl_open.cc:847] Recovering log #4 mode 2
2021/03/20-23:27:27.510868 7f59feb90700 EVENT_LOG_v1 {"time_micros": 1616254047510813, "cf_name": "default", "job": 1, "event": "table_file_creation", "file_number": 8, "file_size": 1709, "file_checksum": "", "file_checksum_func_name": "Unknown", "table_properties": {"data_size": 821, "index_size": 44, "index_partitions": 0, "top_level_index_size": 0, "index_key_is_user_key": 1, "index_value_is_delta_encoded": 1, "filter_size": 0, "raw_key_size": 1243, "raw_average_key_size": 41, "raw_value_size": 299, "raw_average_value_size": 9, "num_data_blocks": 1, "num_entries": 30, "num_deletions": 0, "num_merge_operands": 0, "num_range_deletions": 0, "format_version": 0, "fixed_key_len": 0, "filter_policy": "", "column_family_name": "default", "column_family_id": 0, "comparator": "leveldb.BytewiseComparator", "merge_operator": "nullptr", "prefix_extractor_name": "nullptr", "property_collectors": "[]", "compression": "Snappy", "compression_options": "window_bits=-14; level=32767; strategy=0; max_dict_bytes=0; zstd_max_train_bytes=0; enabled=0; ", "creation_time": 1616254047, "oldest_key_time": 0, "file_creation_time": 0, "db_id": "e9044771-ccd8-4898-8dc0-303e6c1fe308", "db_session_id": "UPL5O7U8CIIUATXW9RB9"}}
2021/03/20-23:27:27.511116 7f59feb90700 [/version_set.cc:4083] Creating manifest 9
2021/03/20-23:27:27.525379 7f59feb90700 EVENT_LOG_v1 {"time_micros": 1616254047525371, "job": 1, "event": "recovery_finished"}
2021/03/20-23:27:27.525726 7f59feb90700 [le/delete_scheduler.cc:73] Deleted file ./db/0/000004.log immediately, rate_bytes_per_sec 0, total_trash_size 0 max_trash_db_ratio 0.250000
2021/03/20-23:27:27.536735 7f59feb90700 [/db_impl/db_impl_open.cc:1701] SstFileManager instance 0x7f59f413f070
2021/03/20-23:27:27.536784 7f59feb90700 DB pointer 0x7f59f423fb50
2021/03/20-23:27:27.537127 7f597b7fe700 [/db_impl/db_impl.cc:902] ------- DUMPING STATS -------
2021/03/20-23:27:27.537176 7f597b7fe700 [/db_impl/db_impl.cc:903] 
** DB Stats **
Uptime(secs): 0.0 total, 0.0 interval
Cumulative writes: 0 writes, 0 keys, 0 commit groups, 0.0 writes per commit group, ingest: 0.00 GB, 0.00 MB/s
Cumulative WAL: 0 writes, 0 syncs, 0.00 writes per sync, written: 0.00 GB, 0.00 MB/s
Cumulative stall: 00:00:0.000 H:M:S, 0.0 percent
Interval writes: 0 writes, 0 keys, 0 commit groups, 0.0 writes per commit group, ingest: 0.00 MB, 0.00 MB/s
Interval WAL: 0 writes, 0 syncs, 0.00 writes per sync, written: 0.00 MB, 0.00 MB/s
Interval stall: 00:00:0.000 H:M:S, 0.0 percent

** Compaction Stats [default] **
Level    Files   Size     Score Read(GB)  Rn(GB) Rnp1(GB) Write(GB) Wnew(GB) Moved(GB) W-Amp Rd(MB/s) Wr(MB/s) Comp(sec) CompMergeCPU(sec) Comp(cnt) Avg(sec) KeyIn KeyDrop
----------------------------------------------------------------------------------------------------------------------------------------------------------------------------
  L0      1/0    1.67 KB   0.2      0.0     0.0      0.0       0.0      0.0       0.0   1.0      0.0      0.3      0.01              0.00         1    0.006       0      0
 Sum      1/0    1.67 KB   0.0      0.0     0.0      0.0       0.0      0.0       0.0   1.0      0.0      0.3      0.01              0.00         1    0.006       0      0
 Int      0/0    0.00 KB   0.0      0.0     0.0      0.0       0.0      0.0       0.0   1.0      0.0      0.3      0.01              0.00         1    0.006       0      0

** Compaction Stats [default] **
Priority    Files   Size     Score Read(GB)  Rn(GB) Rnp1(GB) Write(GB) Wnew(GB) Moved(GB) W-Amp Rd(MB/s) Wr(MB/s) Comp(sec) CompMergeCPU(sec) Comp(cnt) Avg(sec) KeyIn KeyDrop
-------------------------------------------------------------------------------------------------------------------------------------------------------------------------------
User      0/0    0.00 KB   0.0      0.0     0.0      0.0       0.0      0.0       0.0   0.0      0.0      0.3      0.01              0.00         1    0.006       0      0
Uptime(secs): 0.0 total, 0.0 interval
Flush(GB): cumulative 0.000, interval 0.000
AddFile(GB): cumulative 0.000, interval 0.000
AddFile(Total Files): cumulative 0, interval 0
AddFile(L0 Files): cumulative 0, interval 0
AddFile(Keys): cumulative 0, interval 0
Cumulative compaction: 0.00 GB write, 0.03 MB/s write, 0.00 GB read, 0.00 MB/s read, 0.0 seconds
Interval compaction: 0.00 GB write, 0.03 MB/s write, 0.00 GB read, 0.00 MB/s read, 0.0 seconds
Stalls(count): 0 level0_slowdown, 0 level0_slowdown_with_compaction, 0 level0_numfiles, 0 level0_numfiles_with_compaction, 0 stop for pending_compaction_bytes, 0 slowdown for pending_compaction_bytes, 0 memtable_compaction, 0 memtable_slowdown, interval 0 total count

** File Read Latency Histogram By Level [default] **

** Compaction Stats [default] **
Level    Files   Size     Score Read(GB)  Rn(GB) Rnp1(GB) Write(GB) Wnew(GB) Moved(GB) W-Amp Rd(MB/s) Wr(MB/s) Comp(sec) CompMergeCPU(sec) Comp(cnt) Avg(sec) KeyIn KeyDrop
----------------------------------------------------------------------------------------------------------------------------------------------------------------------------
  L0      1/0    1.67 KB   0.2      0.0     0.0      0.0       0.0      0.0       0.0   1.0      0.0      0.3      0.01              0.00         1    0.006       0      0
 Sum      1/0    1.67 KB   0.0      0.0     0.0      0.0       0.0      0.0       0.0   1.0      0.0      0.3      0.01              0.00         1    0.006       0      0
 Int      0/0    0.00 KB   0.0      0.0     0.0      0.0       0.0      0.0       0.0   0.0      0.0      0.0      0.00              0.00         0    0.000       0      0

** Compaction Stats [default] **
Priority    Files   Size     Score Read(GB)  Rn(GB) Rnp1(GB) Write(GB) Wnew(GB) Moved(GB) W-Amp Rd(MB/s) Wr(MB/s) Comp(sec) CompMergeCPU(sec) Comp(cnt) Avg(sec) KeyIn KeyDrop
-------------------------------------------------------------------------------------------------------------------------------------------------------------------------------
User      0/0    0.00 KB   0.0      0.0     0.0      0.0       0.0      0.0       0.0   0.0      0.0      0.3      0.01              0.00         1    0.006       0      0
Uptime(secs): 0.0 total, 0.0 interval
Flush(GB): cumulative 0.000, interval 0.000
AddFile(GB): cumulative 0.000, interval 0.000
AddFile(Total Files): cumulative 0, interval 0
AddFile(L0 Files): cumulative 0, interval 0
AddFile(Keys): cumulative 0, interval 0
Cumulative compaction: 0.00 GB write, 0.03 MB/s write, 0.00 GB read, 0.00 MB/s read, 0.0 seconds
Interval compaction: 0.00 GB write, 0.00 MB/s write, 0.00 GB read, 0.00 MB/s read, 0.0 seconds
Stalls(count): 0 level0_slowdown, 0 level0_slowdown_with_compaction, 0 level0_numfiles, 0 level0_numfiles_with_compaction, 0 stop for pending_compaction_bytes, 0 slowdown for pending_compaction_bytes, 0 memtable_compaction, 0 memtable_slowdown, interval 0 total count

** File Read Latency Histogram By Level [default] **
