2021/04/25-19:06:47.000661 7f5b7963d640 RocksDB version: 6.15.5
2021/04/25-19:06:47.000695 7f5b7963d640 Git sha rocksdb_build_git_sha:
2021/04/25-19:06:47.000697 7f5b7963d640 Compile date Mar 13 2021
2021/04/25-19:06:47.000747 7f5b7963d640 DB SUMMARY
2021/04/25-19:06:47.000748 7f5b7963d640 DB Session ID:  5GYZXKSWFYF13Q0FAJLG
2021/04/25-19:06:47.000796 7f5b7963d640 CURRENT file:  CURRENT
2021/04/25-19:06:47.000798 7f5b7963d640 IDENTITY file:  IDENTITY
2021/04/25-19:06:47.000800 7f5b7963d640 MANIFEST file:  MANIFEST-000024 size: 165 Bytes
2021/04/25-19:06:47.000802 7f5b7963d640 SST files in ./db/0 dir, Total Num: 1, files: 000008.sst 
2021/04/25-19:06:47.000803 7f5b7963d640 Write Ahead Log file in ./db/0: 000025.log size: 0 ; 
2021/04/25-19:06:47.000804 7f5b7963d640                         Options.error_if_exists: 0
2021/04/25-19:06:47.000805 7f5b7963d640                       Options.create_if_missing: 1
2021/04/25-19:06:47.000806 7f5b7963d640                         Options.paranoid_checks: 1
2021/04/25-19:06:47.000807 7f5b7963d640                               Options.track_and_verify_wals_in_manifest: 0
2021/04/25-19:06:47.000808 7f5b7963d640                                     Options.env: 0x7f5b2b7da400
2021/04/25-19:06:47.000808 7f5b7963d640                                      Options.fs: Posix File System
2021/04/25-19:06:47.000809 7f5b7963d640                                Options.info_log: 0x7f5b743f8580
2021/04/25-19:06:47.000810 7f5b7963d640                Options.max_file_opening_threads: 16
2021/04/25-19:06:47.000811 7f5b7963d640                              Options.statistics: (nil)
2021/04/25-19:06:47.000812 7f5b7963d640                               Options.use_fsync: 0
2021/04/25-19:06:47.000812 7f5b7963d640                       Options.max_log_file_size: 0
2021/04/25-19:06:47.000813 7f5b7963d640                  Options.max_manifest_file_size: 1073741824
2021/04/25-19:06:47.000814 7f5b7963d640                   Options.log_file_time_to_roll: 0
2021/04/25-19:06:47.000814 7f5b7963d640                       Options.keep_log_file_num: 1000
2021/04/25-19:06:47.000815 7f5b7963d640                    Options.recycle_log_file_num: 0
2021/04/25-19:06:47.000816 7f5b7963d640                         Options.allow_fallocate: 1
2021/04/25-19:06:47.000817 7f5b7963d640                        Options.allow_mmap_reads: 0
2021/04/25-19:06:47.000818 7f5b7963d640                       Options.allow_mmap_writes: 0
2021/04/25-19:06:47.000819 7f5b7963d640                        Options.use_direct_reads: 0
2021/04/25-19:06:47.000820 7f5b7963d640                        Options.use_direct_io_for_flush_and_compaction: 0
2021/04/25-19:06:47.000822 7f5b7963d640          Options.create_missing_column_families: 0
2021/04/25-19:06:47.000823 7f5b7963d640                              Options.db_log_dir: 
2021/04/25-19:06:47.000837 7f5b7963d640                                 Options.wal_dir: ./db/0
2021/04/25-19:06:47.000838 7f5b7963d640                Options.table_cache_numshardbits: 6
2021/04/25-19:06:47.000840 7f5b7963d640                         Options.WAL_ttl_seconds: 0
2021/04/25-19:06:47.000841 7f5b7963d640                       Options.WAL_size_limit_MB: 0
2021/04/25-19:06:47.000841 7f5b7963d640                        Options.max_write_batch_group_size_bytes: 1048576
2021/04/25-19:06:47.000842 7f5b7963d640             Options.manifest_preallocation_size: 4194304
2021/04/25-19:06:47.000843 7f5b7963d640                     Options.is_fd_close_on_exec: 1
2021/04/25-19:06:47.000843 7f5b7963d640                   Options.advise_random_on_open: 1
2021/04/25-19:06:47.000844 7f5b7963d640                    Options.db_write_buffer_size: 0
2021/04/25-19:06:47.000845 7f5b7963d640                    Options.write_buffer_manager: 0x7f5b743fbc60
2021/04/25-19:06:47.000845 7f5b7963d640         Options.access_hint_on_compaction_start: 1
2021/04/25-19:06:47.000846 7f5b7963d640  Options.new_table_reader_for_compaction_inputs: 0
2021/04/25-19:06:47.000847 7f5b7963d640           Options.random_access_max_buffer_size: 1048576
2021/04/25-19:06:47.000847 7f5b7963d640                      Options.use_adaptive_mutex: 0
2021/04/25-19:06:47.000874 7f5b7963d640                            Options.rate_limiter: (nil)
2021/04/25-19:06:47.000876 7f5b7963d640     Options.sst_file_manager.rate_bytes_per_sec: 0
2021/04/25-19:06:47.000877 7f5b7963d640                       Options.wal_recovery_mode: 2
2021/04/25-19:06:47.000878 7f5b7963d640                  Options.enable_thread_tracking: 0
2021/04/25-19:06:47.000878 7f5b7963d640                  Options.enable_pipelined_write: 0
2021/04/25-19:06:47.000879 7f5b7963d640                  Options.unordered_write: 0
2021/04/25-19:06:47.000880 7f5b7963d640         Options.allow_concurrent_memtable_write: 1
2021/04/25-19:06:47.000880 7f5b7963d640      Options.enable_write_thread_adaptive_yield: 1
2021/04/25-19:06:47.000881 7f5b7963d640             Options.write_thread_max_yield_usec: 100
2021/04/25-19:06:47.000882 7f5b7963d640            Options.write_thread_slow_yield_usec: 3
2021/04/25-19:06:47.000883 7f5b7963d640                               Options.row_cache: None
2021/04/25-19:06:47.000885 7f5b7963d640                              Options.wal_filter: None
2021/04/25-19:06:47.000886 7f5b7963d640             Options.avoid_flush_during_recovery: 0
2021/04/25-19:06:47.000887 7f5b7963d640             Options.allow_ingest_behind: 0
2021/04/25-19:06:47.000888 7f5b7963d640             Options.preserve_deletes: 0
2021/04/25-19:06:47.000889 7f5b7963d640             Options.two_write_queues: 0
2021/04/25-19:06:47.000890 7f5b7963d640             Options.manual_wal_flush: 0
2021/04/25-19:06:47.000892 7f5b7963d640             Options.atomic_flush: 0
2021/04/25-19:06:47.000892 7f5b7963d640             Options.avoid_unnecessary_blocking_io: 0
2021/04/25-19:06:47.000893 7f5b7963d640                 Options.persist_stats_to_disk: 0
2021/04/25-19:06:47.000894 7f5b7963d640                 Options.write_dbid_to_manifest: 0
2021/04/25-19:06:47.000894 7f5b7963d640                 Options.log_readahead_size: 0
2021/04/25-19:06:47.000895 7f5b7963d640                 Options.file_checksum_gen_factory: Unknown
2021/04/25-19:06:47.000896 7f5b7963d640                 Options.best_efforts_recovery: 0
2021/04/25-19:06:47.000896 7f5b7963d640                Options.max_bgerror_resume_count: 2147483647
2021/04/25-19:06:47.000911 7f5b7963d640            Options.bgerror_resume_retry_interval: 1000000
2021/04/25-19:06:47.000911 7f5b7963d640             Options.allow_data_in_errors: 0
2021/04/25-19:06:47.000912 7f5b7963d640             Options.db_host_id: __hostname__
2021/04/25-19:06:47.000913 7f5b7963d640             Options.max_background_jobs: 2
2021/04/25-19:06:47.000914 7f5b7963d640             Options.max_background_compactions: -1
2021/04/25-19:06:47.000915 7f5b7963d640             Options.max_subcompactions: 1
2021/04/25-19:06:47.000915 7f5b7963d640             Options.avoid_flush_during_shutdown: 0
2021/04/25-19:06:47.000916 7f5b7963d640           Options.writable_file_max_buffer_size: 1048576
2021/04/25-19:06:47.000917 7f5b7963d640             Options.delayed_write_rate : 16777216
2021/04/25-19:06:47.000917 7f5b7963d640             Options.max_total_wal_size: 0
2021/04/25-19:06:47.000918 7f5b7963d640             Options.delete_obsolete_files_period_micros: 21600000000
2021/04/25-19:06:47.000919 7f5b7963d640                   Options.stats_dump_period_sec: 600
2021/04/25-19:06:47.000919 7f5b7963d640                 Options.stats_persist_period_sec: 600
2021/04/25-19:06:47.000920 7f5b7963d640                 Options.stats_history_buffer_size: 1048576
2021/04/25-19:06:47.000921 7f5b7963d640                          Options.max_open_files: -1
2021/04/25-19:06:47.000921 7f5b7963d640                          Options.bytes_per_sync: 0
2021/04/25-19:06:47.000922 7f5b7963d640                      Options.wal_bytes_per_sync: 0
2021/04/25-19:06:47.000923 7f5b7963d640                   Options.strict_bytes_per_sync: 0
2021/04/25-19:06:47.000942 7f5b7963d640       Options.compaction_readahead_size: 0
2021/04/25-19:06:47.000943 7f5b7963d640                  Options.max_background_flushes: -1
2021/04/25-19:06:47.000944 7f5b7963d640 Compression algorithms supported:
2021/04/25-19:06:47.000950 7f5b7963d640 	kZSTDNotFinalCompression supported: 1
2021/04/25-19:06:47.000955 7f5b7963d640 	kZSTD supported: 1
2021/04/25-19:06:47.000956 7f5b7963d640 	kXpressCompression supported: 0
2021/04/25-19:06:47.000957 7f5b7963d640 	kLZ4HCCompression supported: 1
2021/04/25-19:06:47.000957 7f5b7963d640 	kLZ4Compression supported: 1
2021/04/25-19:06:47.000958 7f5b7963d640 	kBZip2Compression supported: 1
2021/04/25-19:06:47.000959 7f5b7963d640 	kZlibCompression supported: 1
2021/04/25-19:06:47.000959 7f5b7963d640 	kSnappyCompression supported: 1
2021/04/25-19:06:47.000961 7f5b7963d640 Fast CRC32 supported: Not supported on x86
2021/04/25-19:06:47.001025 7f5b7963d640 [/version_set.cc:4725] Recovering from manifest file: ./db/0/MANIFEST-000024
2021/04/25-19:06:47.001123 7f5b7963d640 [/column_family.cc:597] --------------- Options for column family [default]:
2021/04/25-19:06:47.001125 7f5b7963d640               Options.comparator: leveldb.BytewiseComparator
2021/04/25-19:06:47.001126 7f5b7963d640           Options.merge_operator: None
2021/04/25-19:06:47.001127 7f5b7963d640        Options.compaction_filter: None
2021/04/25-19:06:47.001127 7f5b7963d640        Options.compaction_filter_factory: None
2021/04/25-19:06:47.001128 7f5b7963d640  Options.sst_partitioner_factory: None
2021/04/25-19:06:47.001129 7f5b7963d640         Options.memtable_factory: SkipListFactory
2021/04/25-19:06:47.001129 7f5b7963d640            Options.table_factory: BlockBasedTable
2021/04/25-19:06:47.001154 7f5b7963d640            table_factory options:   flush_block_policy_factory: FlushBlockBySizePolicyFactory (0x7f5b743fa070)
  cache_index_and_filter_blocks: 0
  cache_index_and_filter_blocks_with_high_priority: 1
  pin_l0_filter_and_index_blocks_in_cache: 0
  pin_top_level_index_and_filter: 1
  index_type: 0
  data_block_index_type: 0
  index_shortening: 1
  data_block_hash_table_util_ratio: 0,750000
  hash_index_allow_collision: 1
  checksum: 1
  no_block_cache: 0
  block_cache: 0x7f5b743e7740
  block_cache_name: LRUCache
  block_cache_options:
    capacity : 8388608
    num_shard_bits : 4
    strict_capacity_limit : 0
    memory_allocator : None
    high_pri_pool_ratio: 0,000
  block_cache_compressed: (nil)
  persistent_cache: (nil)
  block_size: 4096
  block_size_deviation: 10
  block_restart_interval: 16
  index_block_restart_interval: 1
  metadata_block_size: 4096
  partition_filters: 0
  use_delta_encoding: 1
  filter_policy: nullptr
  whole_key_filtering: 1
  verify_compression: 0
  read_amp_bytes_per_bit: 0
  format_version: 4
  enable_index_compression: 1
  block_align: 0
2021/04/25-19:06:47.001156 7f5b7963d640        Options.write_buffer_size: 67108864
2021/04/25-19:06:47.001157 7f5b7963d640  Options.max_write_buffer_number: 2
2021/04/25-19:06:47.001158 7f5b7963d640          Options.compression: Snappy
2021/04/25-19:06:47.001159 7f5b7963d640                  Options.bottommost_compression: Disabled
2021/04/25-19:06:47.001159 7f5b7963d640       Options.prefix_extractor: nullptr
2021/04/25-19:06:47.001160 7f5b7963d640   Options.memtable_insert_with_hint_prefix_extractor: nullptr
2021/04/25-19:06:47.001161 7f5b7963d640             Options.num_levels: 7
2021/04/25-19:06:47.001161 7f5b7963d640        Options.min_write_buffer_number_to_merge: 1
2021/04/25-19:06:47.001162 7f5b7963d640     Options.max_write_buffer_number_to_maintain: 0
2021/04/25-19:06:47.001163 7f5b7963d640     Options.max_write_buffer_size_to_maintain: 0
2021/04/25-19:06:47.001163 7f5b7963d640            Options.bottommost_compression_opts.window_bits: -14
2021/04/25-19:06:47.001164 7f5b7963d640                  Options.bottommost_compression_opts.level: 32767
2021/04/25-19:06:47.001165 7f5b7963d640               Options.bottommost_compression_opts.strategy: 0
2021/04/25-19:06:47.001165 7f5b7963d640         Options.bottommost_compression_opts.max_dict_bytes: 0
2021/04/25-19:06:47.001166 7f5b7963d640         Options.bottommost_compression_opts.zstd_max_train_bytes: 0
2021/04/25-19:06:47.001167 7f5b7963d640         Options.bottommost_compression_opts.parallel_threads: 1
2021/04/25-19:06:47.001174 7f5b7963d640                  Options.bottommost_compression_opts.enabled: false
2021/04/25-19:06:47.001175 7f5b7963d640            Options.compression_opts.window_bits: -14
2021/04/25-19:06:47.001176 7f5b7963d640                  Options.compression_opts.level: 32767
2021/04/25-19:06:47.001176 7f5b7963d640               Options.compression_opts.strategy: 0
2021/04/25-19:06:47.001177 7f5b7963d640         Options.compression_opts.max_dict_bytes: 0
2021/04/25-19:06:47.001178 7f5b7963d640         Options.compression_opts.zstd_max_train_bytes: 0
2021/04/25-19:06:47.001178 7f5b7963d640         Options.compression_opts.parallel_threads: 1
2021/04/25-19:06:47.001179 7f5b7963d640                  Options.compression_opts.enabled: false
2021/04/25-19:06:47.001180 7f5b7963d640      Options.level0_file_num_compaction_trigger: 4
2021/04/25-19:06:47.001180 7f5b7963d640          Options.level0_slowdown_writes_trigger: 20
2021/04/25-19:06:47.001181 7f5b7963d640              Options.level0_stop_writes_trigger: 36
2021/04/25-19:06:47.001182 7f5b7963d640                   Options.target_file_size_base: 67108864
2021/04/25-19:06:47.001182 7f5b7963d640             Options.target_file_size_multiplier: 1
2021/04/25-19:06:47.001183 7f5b7963d640                Options.max_bytes_for_level_base: 268435456
2021/04/25-19:06:47.001184 7f5b7963d640 Options.level_compaction_dynamic_level_bytes: 0
2021/04/25-19:06:47.001184 7f5b7963d640          Options.max_bytes_for_level_multiplier: 10,000000
2021/04/25-19:06:47.001186 7f5b7963d640 Options.max_bytes_for_level_multiplier_addtl[0]: 1
2021/04/25-19:06:47.001187 7f5b7963d640 Options.max_bytes_for_level_multiplier_addtl[1]: 1
2021/04/25-19:06:47.001187 7f5b7963d640 Options.max_bytes_for_level_multiplier_addtl[2]: 1
2021/04/25-19:06:47.001188 7f5b7963d640 Options.max_bytes_for_level_multiplier_addtl[3]: 1
2021/04/25-19:06:47.001189 7f5b7963d640 Options.max_bytes_for_level_multiplier_addtl[4]: 1
2021/04/25-19:06:47.001189 7f5b7963d640 Options.max_bytes_for_level_multiplier_addtl[5]: 1
2021/04/25-19:06:47.001190 7f5b7963d640 Options.max_bytes_for_level_multiplier_addtl[6]: 1
2021/04/25-19:06:47.001191 7f5b7963d640       Options.max_sequential_skip_in_iterations: 8
2021/04/25-19:06:47.001191 7f5b7963d640                    Options.max_compaction_bytes: 1677721600
2021/04/25-19:06:47.001192 7f5b7963d640                        Options.arena_block_size: 8388608
2021/04/25-19:06:47.001193 7f5b7963d640   Options.soft_pending_compaction_bytes_limit: 68719476736
2021/04/25-19:06:47.001194 7f5b7963d640   Options.hard_pending_compaction_bytes_limit: 274877906944
2021/04/25-19:06:47.001194 7f5b7963d640       Options.rate_limit_delay_max_milliseconds: 100
2021/04/25-19:06:47.001195 7f5b7963d640                Options.disable_auto_compactions: 0
2021/04/25-19:06:47.001196 7f5b7963d640                        Options.compaction_style: kCompactionStyleLevel
2021/04/25-19:06:47.001196 7f5b7963d640                          Options.compaction_pri: kMinOverlappingRatio
2021/04/25-19:06:47.001197 7f5b7963d640 Options.compaction_options_universal.size_ratio: 1
2021/04/25-19:06:47.001198 7f5b7963d640 Options.compaction_options_universal.min_merge_width: 2
2021/04/25-19:06:47.001198 7f5b7963d640 Options.compaction_options_universal.max_merge_width: 4294967295
2021/04/25-19:06:47.001199 7f5b7963d640 Options.compaction_options_universal.max_size_amplification_percent: 200
2021/04/25-19:06:47.001200 7f5b7963d640 Options.compaction_options_universal.compression_size_percent: -1
2021/04/25-19:06:47.001201 7f5b7963d640 Options.compaction_options_universal.stop_style: kCompactionStopStyleTotalSize
2021/04/25-19:06:47.001201 7f5b7963d640 Options.compaction_options_fifo.max_table_files_size: 1073741824
2021/04/25-19:06:47.001202 7f5b7963d640 Options.compaction_options_fifo.allow_compaction: 0
2021/04/25-19:06:47.001204 7f5b7963d640                   Options.table_properties_collectors: 
2021/04/25-19:06:47.001204 7f5b7963d640                   Options.inplace_update_support: 0
2021/04/25-19:06:47.001209 7f5b7963d640                 Options.inplace_update_num_locks: 10000
2021/04/25-19:06:47.001210 7f5b7963d640               Options.memtable_prefix_bloom_size_ratio: 0,000000
2021/04/25-19:06:47.001211 7f5b7963d640               Options.memtable_whole_key_filtering: 0
2021/04/25-19:06:47.001211 7f5b7963d640   Options.memtable_huge_page_size: 0
2021/04/25-19:06:47.001212 7f5b7963d640                           Options.bloom_locality: 0
2021/04/25-19:06:47.001213 7f5b7963d640                    Options.max_successive_merges: 0
2021/04/25-19:06:47.001213 7f5b7963d640                Options.optimize_filters_for_hits: 0
2021/04/25-19:06:47.001214 7f5b7963d640                Options.paranoid_file_checks: 0
2021/04/25-19:06:47.001215 7f5b7963d640                Options.force_consistency_checks: 1
2021/04/25-19:06:47.001215 7f5b7963d640                Options.report_bg_io_stats: 0
2021/04/25-19:06:47.001216 7f5b7963d640                               Options.ttl: 2592000
2021/04/25-19:06:47.001217 7f5b7963d640          Options.periodic_compaction_seconds: 0
2021/04/25-19:06:47.001217 7f5b7963d640                    Options.enable_blob_files: false
2021/04/25-19:06:47.001218 7f5b7963d640                        Options.min_blob_size: 0
2021/04/25-19:06:47.001219 7f5b7963d640                       Options.blob_file_size: 268435456
2021/04/25-19:06:47.001219 7f5b7963d640                Options.blob_compression_type: NoCompression
2021/04/25-19:06:47.001220 7f5b7963d640       Options.enable_blob_garbage_collection: false
2021/04/25-19:06:47.001221 7f5b7963d640   Options.blob_garbage_collection_age_cutoff: 0,250000
2021/04/25-19:06:47.001899 7f5b7963d640 [/version_set.cc:4773] Recovered from manifest file:./db/0/MANIFEST-000024 succeeded,manifest_file_number is 24, next_file_number is 26, last_sequence is 12773, log_number is 21,prev_log_number is 0,max_column_family is 0,min_log_number_to_keep is 0
2021/04/25-19:06:47.001904 7f5b7963d640 [/version_set.cc:4782] Column family [default] (ID 0), log number is 21
2021/04/25-19:06:47.001990 7f5b7963d640 [/version_set.cc:4083] Creating manifest 28
2021/04/25-19:06:47.016307 7f5b7963d640 EVENT_LOG_v1 {"time_micros": 1619352407016289, "job": 1, "event": "recovery_started", "wal_files": [25]}
2021/04/25-19:06:47.016328 7f5b7963d640 [/db_impl/db_impl_open.cc:847] Recovering log #25 mode 2
2021/04/25-19:06:47.016416 7f5b7963d640 [/version_set.cc:4083] Creating manifest 29
2021/04/25-19:06:47.030196 7f5b7963d640 EVENT_LOG_v1 {"time_micros": 1619352407030189, "job": 1, "event": "recovery_finished"}
2021/04/25-19:06:47.030865 7f5b7963d640 [le/delete_scheduler.cc:73] Deleted file ./db/0/000025.log immediately, rate_bytes_per_sec 0, total_trash_size 0 max_trash_db_ratio 0,250000
2021/04/25-19:06:47.042577 7f5b7963d640 [/db_impl/db_impl_open.cc:1701] SstFileManager instance 0x7f5b743fc4c0
2021/04/25-19:06:47.042703 7f5b7963d640 DB pointer 0x7f5b743fdef0
2021/04/25-19:06:47.043259 7f5af1ffb640 [/db_impl/db_impl.cc:902] ------- DUMPING STATS -------
2021/04/25-19:06:47.043341 7f5af1ffb640 [/db_impl/db_impl.cc:903] 
** DB Stats **
Uptime(secs): 0,0 total, 0,0 interval
Cumulative writes: 0 writes, 0 keys, 0 commit groups, 0,0 writes per commit group, ingest: 0,00 GB, 0,00 MB/s
Cumulative WAL: 0 writes, 0 syncs, 0,00 writes per sync, written: 0,00 GB, 0,00 MB/s
Cumulative stall: 00:00:0,000 H:M:S, 0,0 percent
Interval writes: 0 writes, 0 keys, 0 commit groups, 0,0 writes per commit group, ingest: 0,00 MB, 0,00 MB/s
Interval WAL: 0 writes, 0 syncs, 0,00 writes per sync, written: 0,00 MB, 0,00 MB/s
Interval stall: 00:00:0,000 H:M:S, 0,0 percent

** Compaction Stats [default] **
Level    Files   Size     Score Read(GB)  Rn(GB) Rnp1(GB) Write(GB) Wnew(GB) Moved(GB) W-Amp Rd(MB/s) Wr(MB/s) Comp(sec) CompMergeCPU(sec) Comp(cnt) Avg(sec) KeyIn KeyDrop
----------------------------------------------------------------------------------------------------------------------------------------------------------------------------
  L0      1/0   80,42 KB   0,2      0,0     0,0      0,0       0,0      0,0       0,0   0,0      0,0      0,0      0,00              0,00         0    0,000       0      0
 Sum      1/0   80,42 KB   0,0      0,0     0,0      0,0       0,0      0,0       0,0   0,0      0,0      0,0      0,00              0,00         0    0,000       0      0
 Int      0/0    0,00 KB   0,0      0,0     0,0      0,0       0,0      0,0       0,0   0,0      0,0      0,0      0,00              0,00         0    0,000       0      0

** Compaction Stats [default] **
Priority    Files   Size     Score Read(GB)  Rn(GB) Rnp1(GB) Write(GB) Wnew(GB) Moved(GB) W-Amp Rd(MB/s) Wr(MB/s) Comp(sec) CompMergeCPU(sec) Comp(cnt) Avg(sec) KeyIn KeyDrop
-------------------------------------------------------------------------------------------------------------------------------------------------------------------------------
Uptime(secs): 0,0 total, 0,0 interval
Flush(GB): cumulative 0,000, interval 0,000
AddFile(GB): cumulative 0,000, interval 0,000
AddFile(Total Files): cumulative 0, interval 0
AddFile(L0 Files): cumulative 0, interval 0
AddFile(Keys): cumulative 0, interval 0
Cumulative compaction: 0,00 GB write, 0,00 MB/s write, 0,00 GB read, 0,00 MB/s read, 0,0 seconds
Interval compaction: 0,00 GB write, 0,00 MB/s write, 0,00 GB read, 0,00 MB/s read, 0,0 seconds
Stalls(count): 0 level0_slowdown, 0 level0_slowdown_with_compaction, 0 level0_numfiles, 0 level0_numfiles_with_compaction, 0 stop for pending_compaction_bytes, 0 slowdown for pending_compaction_bytes, 0 memtable_compaction, 0 memtable_slowdown, interval 0 total count

** File Read Latency Histogram By Level [default] **

** Compaction Stats [default] **
Level    Files   Size     Score Read(GB)  Rn(GB) Rnp1(GB) Write(GB) Wnew(GB) Moved(GB) W-Amp Rd(MB/s) Wr(MB/s) Comp(sec) CompMergeCPU(sec) Comp(cnt) Avg(sec) KeyIn KeyDrop
----------------------------------------------------------------------------------------------------------------------------------------------------------------------------
  L0      1/0   80,42 KB   0,2      0,0     0,0      0,0       0,0      0,0       0,0   0,0      0,0      0,0      0,00              0,00         0    0,000       0      0
 Sum      1/0   80,42 KB   0,0      0,0     0,0      0,0       0,0      0,0       0,0   0,0      0,0      0,0      0,00              0,00         0    0,000       0      0
 Int      0/0    0,00 KB   0,0      0,0     0,0      0,0       0,0      0,0       0,0   0,0      0,0      0,0      0,00              0,00         0    0,000       0      0

** Compaction Stats [default] **
Priority    Files   Size     Score Read(GB)  Rn(GB) Rnp1(GB) Write(GB) Wnew(GB) Moved(GB) W-Amp Rd(MB/s) Wr(MB/s) Comp(sec) CompMergeCPU(sec) Comp(cnt) Avg(sec) KeyIn KeyDrop
-------------------------------------------------------------------------------------------------------------------------------------------------------------------------------
Uptime(secs): 0,0 total, 0,0 interval
Flush(GB): cumulative 0,000, interval 0,000
AddFile(GB): cumulative 0,000, interval 0,000
AddFile(Total Files): cumulative 0, interval 0
AddFile(L0 Files): cumulative 0, interval 0
AddFile(Keys): cumulative 0, interval 0
Cumulative compaction: 0,00 GB write, 0,00 MB/s write, 0,00 GB read, 0,00 MB/s read, 0,0 seconds
Interval compaction: 0,00 GB write, 0,00 MB/s write, 0,00 GB read, 0,00 MB/s read, 0,0 seconds
Stalls(count): 0 level0_slowdown, 0 level0_slowdown_with_compaction, 0 level0_numfiles, 0 level0_numfiles_with_compaction, 0 stop for pending_compaction_bytes, 0 slowdown for pending_compaction_bytes, 0 memtable_compaction, 0 memtable_slowdown, interval 0 total count

** File Read Latency Histogram By Level [default] **
