<<<<<<< HEAD
2021/04/25-19:06:47.282349 7f5b7963d640 RocksDB version: 6.15.5
2021/04/25-19:06:47.282423 7f5b7963d640 Git sha rocksdb_build_git_sha:
2021/04/25-19:06:47.282430 7f5b7963d640 Compile date Mar 13 2021
2021/04/25-19:06:47.282549 7f5b7963d640 DB SUMMARY
2021/04/25-19:06:47.282556 7f5b7963d640 DB Session ID:  1V1G9XZVBDR6ZYUCT750
2021/04/25-19:06:47.282618 7f5b7963d640 CURRENT file:  CURRENT
2021/04/25-19:06:47.282622 7f5b7963d640 IDENTITY file:  IDENTITY
2021/04/25-19:06:47.282628 7f5b7963d640 MANIFEST file:  MANIFEST-000024 size: 119 Bytes
2021/04/25-19:06:47.282632 7f5b7963d640 SST files in ./db/7 dir, Total Num: 1, files: 000008.sst 
2021/04/25-19:06:47.282635 7f5b7963d640 Write Ahead Log file in ./db/7: 000025.log size: 0 ; 
2021/04/25-19:06:47.282639 7f5b7963d640                         Options.error_if_exists: 0
2021/04/25-19:06:47.282642 7f5b7963d640                       Options.create_if_missing: 1
2021/04/25-19:06:47.282644 7f5b7963d640                         Options.paranoid_checks: 1
2021/04/25-19:06:47.282647 7f5b7963d640                               Options.track_and_verify_wals_in_manifest: 0
2021/04/25-19:06:47.282649 7f5b7963d640                                     Options.env: 0x7f5b2b7da400
2021/04/25-19:06:47.282651 7f5b7963d640                                      Options.fs: Posix File System
2021/04/25-19:06:47.282654 7f5b7963d640                                Options.info_log: 0x7f5b745806c0
2021/04/25-19:06:47.282656 7f5b7963d640                Options.max_file_opening_threads: 16
2021/04/25-19:06:47.282658 7f5b7963d640                              Options.statistics: (nil)
2021/04/25-19:06:47.282661 7f5b7963d640                               Options.use_fsync: 0
2021/04/25-19:06:47.282665 7f5b7963d640                       Options.max_log_file_size: 0
2021/04/25-19:06:47.282668 7f5b7963d640                  Options.max_manifest_file_size: 1073741824
2021/04/25-19:06:47.282672 7f5b7963d640                   Options.log_file_time_to_roll: 0
2021/04/25-19:06:47.282676 7f5b7963d640                       Options.keep_log_file_num: 1000
2021/04/25-19:06:47.282680 7f5b7963d640                    Options.recycle_log_file_num: 0
2021/04/25-19:06:47.282684 7f5b7963d640                         Options.allow_fallocate: 1
2021/04/25-19:06:47.282688 7f5b7963d640                        Options.allow_mmap_reads: 0
2021/04/25-19:06:47.282690 7f5b7963d640                       Options.allow_mmap_writes: 0
2021/04/25-19:06:47.282692 7f5b7963d640                        Options.use_direct_reads: 0
2021/04/25-19:06:47.282694 7f5b7963d640                        Options.use_direct_io_for_flush_and_compaction: 0
2021/04/25-19:06:47.282696 7f5b7963d640          Options.create_missing_column_families: 0
2021/04/25-19:06:47.282698 7f5b7963d640                              Options.db_log_dir: 
2021/04/25-19:06:47.282701 7f5b7963d640                                 Options.wal_dir: ./db/7
2021/04/25-19:06:47.282703 7f5b7963d640                Options.table_cache_numshardbits: 6
2021/04/25-19:06:47.282705 7f5b7963d640                         Options.WAL_ttl_seconds: 0
2021/04/25-19:06:47.282707 7f5b7963d640                       Options.WAL_size_limit_MB: 0
2021/04/25-19:06:47.282709 7f5b7963d640                        Options.max_write_batch_group_size_bytes: 1048576
2021/04/25-19:06:47.282712 7f5b7963d640             Options.manifest_preallocation_size: 4194304
2021/04/25-19:06:47.282714 7f5b7963d640                     Options.is_fd_close_on_exec: 1
2021/04/25-19:06:47.282716 7f5b7963d640                   Options.advise_random_on_open: 1
2021/04/25-19:06:47.282718 7f5b7963d640                    Options.db_write_buffer_size: 0
2021/04/25-19:06:47.282720 7f5b7963d640                    Options.write_buffer_manager: 0x7f5b74581090
2021/04/25-19:06:47.282723 7f5b7963d640         Options.access_hint_on_compaction_start: 1
2021/04/25-19:06:47.282725 7f5b7963d640  Options.new_table_reader_for_compaction_inputs: 0
2021/04/25-19:06:47.282727 7f5b7963d640           Options.random_access_max_buffer_size: 1048576
2021/04/25-19:06:47.282729 7f5b7963d640                      Options.use_adaptive_mutex: 0
2021/04/25-19:06:47.282751 7f5b7963d640                            Options.rate_limiter: (nil)
2021/04/25-19:06:47.282755 7f5b7963d640     Options.sst_file_manager.rate_bytes_per_sec: 0
2021/04/25-19:06:47.282757 7f5b7963d640                       Options.wal_recovery_mode: 2
2021/04/25-19:06:47.282759 7f5b7963d640                  Options.enable_thread_tracking: 0
2021/04/25-19:06:47.282761 7f5b7963d640                  Options.enable_pipelined_write: 0
2021/04/25-19:06:47.282763 7f5b7963d640                  Options.unordered_write: 0
2021/04/25-19:06:47.282765 7f5b7963d640         Options.allow_concurrent_memtable_write: 1
2021/04/25-19:06:47.282767 7f5b7963d640      Options.enable_write_thread_adaptive_yield: 1
2021/04/25-19:06:47.282769 7f5b7963d640             Options.write_thread_max_yield_usec: 100
2021/04/25-19:06:47.282772 7f5b7963d640            Options.write_thread_slow_yield_usec: 3
2021/04/25-19:06:47.282774 7f5b7963d640                               Options.row_cache: None
2021/04/25-19:06:47.282776 7f5b7963d640                              Options.wal_filter: None
2021/04/25-19:06:47.282778 7f5b7963d640             Options.avoid_flush_during_recovery: 0
2021/04/25-19:06:47.282780 7f5b7963d640             Options.allow_ingest_behind: 0
2021/04/25-19:06:47.282782 7f5b7963d640             Options.preserve_deletes: 0
2021/04/25-19:06:47.282785 7f5b7963d640             Options.two_write_queues: 0
2021/04/25-19:06:47.282787 7f5b7963d640             Options.manual_wal_flush: 0
2021/04/25-19:06:47.282789 7f5b7963d640             Options.atomic_flush: 0
2021/04/25-19:06:47.282791 7f5b7963d640             Options.avoid_unnecessary_blocking_io: 0
2021/04/25-19:06:47.282793 7f5b7963d640                 Options.persist_stats_to_disk: 0
2021/04/25-19:06:47.282795 7f5b7963d640                 Options.write_dbid_to_manifest: 0
2021/04/25-19:06:47.282797 7f5b7963d640                 Options.log_readahead_size: 0
2021/04/25-19:06:47.282799 7f5b7963d640                 Options.file_checksum_gen_factory: Unknown
2021/04/25-19:06:47.282801 7f5b7963d640                 Options.best_efforts_recovery: 0
2021/04/25-19:06:47.282803 7f5b7963d640                Options.max_bgerror_resume_count: 2147483647
2021/04/25-19:06:47.282805 7f5b7963d640            Options.bgerror_resume_retry_interval: 1000000
2021/04/25-19:06:47.282808 7f5b7963d640             Options.allow_data_in_errors: 0
2021/04/25-19:06:47.282810 7f5b7963d640             Options.db_host_id: __hostname__
2021/04/25-19:06:47.282812 7f5b7963d640             Options.max_background_jobs: 2
2021/04/25-19:06:47.282814 7f5b7963d640             Options.max_background_compactions: -1
2021/04/25-19:06:47.282817 7f5b7963d640             Options.max_subcompactions: 1
2021/04/25-19:06:47.282819 7f5b7963d640             Options.avoid_flush_during_shutdown: 0
2021/04/25-19:06:47.282821 7f5b7963d640           Options.writable_file_max_buffer_size: 1048576
2021/04/25-19:06:47.282823 7f5b7963d640             Options.delayed_write_rate : 16777216
2021/04/25-19:06:47.282825 7f5b7963d640             Options.max_total_wal_size: 0
2021/04/25-19:06:47.282828 7f5b7963d640             Options.delete_obsolete_files_period_micros: 21600000000
2021/04/25-19:06:47.282830 7f5b7963d640                   Options.stats_dump_period_sec: 600
2021/04/25-19:06:47.282832 7f5b7963d640                 Options.stats_persist_period_sec: 600
2021/04/25-19:06:47.282834 7f5b7963d640                 Options.stats_history_buffer_size: 1048576
2021/04/25-19:06:47.282836 7f5b7963d640                          Options.max_open_files: -1
2021/04/25-19:06:47.282838 7f5b7963d640                          Options.bytes_per_sync: 0
2021/04/25-19:06:47.282841 7f5b7963d640                      Options.wal_bytes_per_sync: 0
2021/04/25-19:06:47.282843 7f5b7963d640                   Options.strict_bytes_per_sync: 0
2021/04/25-19:06:47.282845 7f5b7963d640       Options.compaction_readahead_size: 0
2021/04/25-19:06:47.282847 7f5b7963d640                  Options.max_background_flushes: -1
2021/04/25-19:06:47.282849 7f5b7963d640 Compression algorithms supported:
2021/04/25-19:06:47.282862 7f5b7963d640 	kZSTDNotFinalCompression supported: 1
2021/04/25-19:06:47.282865 7f5b7963d640 	kZSTD supported: 1
2021/04/25-19:06:47.282868 7f5b7963d640 	kXpressCompression supported: 0
2021/04/25-19:06:47.282870 7f5b7963d640 	kLZ4HCCompression supported: 1
2021/04/25-19:06:47.282873 7f5b7963d640 	kLZ4Compression supported: 1
2021/04/25-19:06:47.282875 7f5b7963d640 	kBZip2Compression supported: 1
2021/04/25-19:06:47.282877 7f5b7963d640 	kZlibCompression supported: 1
2021/04/25-19:06:47.282879 7f5b7963d640 	kSnappyCompression supported: 1
2021/04/25-19:06:47.282883 7f5b7963d640 Fast CRC32 supported: Not supported on x86
2021/04/25-19:06:47.282980 7f5b7963d640 [/version_set.cc:4725] Recovering from manifest file: ./db/7/MANIFEST-000024
2021/04/25-19:06:47.283140 7f5b7963d640 [/column_family.cc:597] --------------- Options for column family [default]:
2021/04/25-19:06:47.283146 7f5b7963d640               Options.comparator: leveldb.BytewiseComparator
2021/04/25-19:06:47.283148 7f5b7963d640           Options.merge_operator: None
2021/04/25-19:06:47.283150 7f5b7963d640        Options.compaction_filter: None
2021/04/25-19:06:47.283153 7f5b7963d640        Options.compaction_filter_factory: None
2021/04/25-19:06:47.283155 7f5b7963d640  Options.sst_partitioner_factory: None
2021/04/25-19:06:47.283157 7f5b7963d640         Options.memtable_factory: SkipListFactory
2021/04/25-19:06:47.283159 7f5b7963d640            Options.table_factory: BlockBasedTable
2021/04/25-19:06:47.283204 7f5b7963d640            table_factory options:   flush_block_policy_factory: FlushBlockBySizePolicyFactory (0x7f5b743fa070)
=======
2021/04/25-18:27:49.953589 7f3bb44bb700 RocksDB version: 6.15.5
2021/04/25-18:27:49.953634 7f3bb44bb700 Git sha rocksdb_build_git_sha:
2021/04/25-18:27:49.953638 7f3bb44bb700 Compile date Mar 13 2021
2021/04/25-18:27:49.953696 7f3bb44bb700 DB SUMMARY
2021/04/25-18:27:49.953700 7f3bb44bb700 DB Session ID:  DPPYMYOREBWW2WPPUCAW
2021/04/25-18:27:49.953744 7f3bb44bb700 CURRENT file:  CURRENT
2021/04/25-18:27:49.953746 7f3bb44bb700 IDENTITY file:  IDENTITY
2021/04/25-18:27:49.953750 7f3bb44bb700 MANIFEST file:  MANIFEST-000059 size: 258 Bytes
2021/04/25-18:27:49.953753 7f3bb44bb700 SST files in ./db/7 dir, Total Num: 3, files: 000033.sst 000035.sst 000038.sst 
2021/04/25-18:27:49.953755 7f3bb44bb700 Write Ahead Log file in ./db/7: 000060.log size: 0 ; 
2021/04/25-18:27:49.953781 7f3bb44bb700                         Options.error_if_exists: 0
2021/04/25-18:27:49.953784 7f3bb44bb700                       Options.create_if_missing: 1
2021/04/25-18:27:49.953785 7f3bb44bb700                         Options.paranoid_checks: 1
2021/04/25-18:27:49.953787 7f3bb44bb700                               Options.track_and_verify_wals_in_manifest: 0
2021/04/25-18:27:49.953788 7f3bb44bb700                                     Options.env: 0x7f3b77142400
2021/04/25-18:27:49.953790 7f3bb44bb700                                      Options.fs: Posix File System
2021/04/25-18:27:49.953792 7f3bb44bb700                                Options.info_log: 0x7f3bb046e830
2021/04/25-18:27:49.953793 7f3bb44bb700                Options.max_file_opening_threads: 16
2021/04/25-18:27:49.953794 7f3bb44bb700                              Options.statistics: (nil)
2021/04/25-18:27:49.953796 7f3bb44bb700                               Options.use_fsync: 0
2021/04/25-18:27:49.953798 7f3bb44bb700                       Options.max_log_file_size: 0
2021/04/25-18:27:49.953799 7f3bb44bb700                  Options.max_manifest_file_size: 1073741824
2021/04/25-18:27:49.953800 7f3bb44bb700                   Options.log_file_time_to_roll: 0
2021/04/25-18:27:49.953802 7f3bb44bb700                       Options.keep_log_file_num: 1000
2021/04/25-18:27:49.953803 7f3bb44bb700                    Options.recycle_log_file_num: 0
2021/04/25-18:27:49.953805 7f3bb44bb700                         Options.allow_fallocate: 1
2021/04/25-18:27:49.953806 7f3bb44bb700                        Options.allow_mmap_reads: 0
2021/04/25-18:27:49.953807 7f3bb44bb700                       Options.allow_mmap_writes: 0
2021/04/25-18:27:49.953808 7f3bb44bb700                        Options.use_direct_reads: 0
2021/04/25-18:27:49.953810 7f3bb44bb700                        Options.use_direct_io_for_flush_and_compaction: 0
2021/04/25-18:27:49.953811 7f3bb44bb700          Options.create_missing_column_families: 0
2021/04/25-18:27:49.953812 7f3bb44bb700                              Options.db_log_dir: 
2021/04/25-18:27:49.953814 7f3bb44bb700                                 Options.wal_dir: ./db/7
2021/04/25-18:27:49.953815 7f3bb44bb700                Options.table_cache_numshardbits: 6
2021/04/25-18:27:49.953817 7f3bb44bb700                         Options.WAL_ttl_seconds: 0
2021/04/25-18:27:49.953818 7f3bb44bb700                       Options.WAL_size_limit_MB: 0
2021/04/25-18:27:49.953819 7f3bb44bb700                        Options.max_write_batch_group_size_bytes: 1048576
2021/04/25-18:27:49.953821 7f3bb44bb700             Options.manifest_preallocation_size: 4194304
2021/04/25-18:27:49.953822 7f3bb44bb700                     Options.is_fd_close_on_exec: 1
2021/04/25-18:27:49.953824 7f3bb44bb700                   Options.advise_random_on_open: 1
2021/04/25-18:27:49.953825 7f3bb44bb700                    Options.db_write_buffer_size: 0
2021/04/25-18:27:49.953826 7f3bb44bb700                    Options.write_buffer_manager: 0x7f3bb03ad800
2021/04/25-18:27:49.953828 7f3bb44bb700         Options.access_hint_on_compaction_start: 1
2021/04/25-18:27:49.953829 7f3bb44bb700  Options.new_table_reader_for_compaction_inputs: 0
2021/04/25-18:27:49.953830 7f3bb44bb700           Options.random_access_max_buffer_size: 1048576
2021/04/25-18:27:49.953832 7f3bb44bb700                      Options.use_adaptive_mutex: 0
2021/04/25-18:27:49.953848 7f3bb44bb700                            Options.rate_limiter: (nil)
2021/04/25-18:27:49.953850 7f3bb44bb700     Options.sst_file_manager.rate_bytes_per_sec: 0
2021/04/25-18:27:49.953852 7f3bb44bb700                       Options.wal_recovery_mode: 2
2021/04/25-18:27:49.953853 7f3bb44bb700                  Options.enable_thread_tracking: 0
2021/04/25-18:27:49.953854 7f3bb44bb700                  Options.enable_pipelined_write: 0
2021/04/25-18:27:49.953856 7f3bb44bb700                  Options.unordered_write: 0
2021/04/25-18:27:49.953857 7f3bb44bb700         Options.allow_concurrent_memtable_write: 1
2021/04/25-18:27:49.953859 7f3bb44bb700      Options.enable_write_thread_adaptive_yield: 1
2021/04/25-18:27:49.953862 7f3bb44bb700             Options.write_thread_max_yield_usec: 100
2021/04/25-18:27:49.953864 7f3bb44bb700            Options.write_thread_slow_yield_usec: 3
2021/04/25-18:27:49.953867 7f3bb44bb700                               Options.row_cache: None
2021/04/25-18:27:49.953869 7f3bb44bb700                              Options.wal_filter: None
2021/04/25-18:27:49.953872 7f3bb44bb700             Options.avoid_flush_during_recovery: 0
2021/04/25-18:27:49.953874 7f3bb44bb700             Options.allow_ingest_behind: 0
2021/04/25-18:27:49.953876 7f3bb44bb700             Options.preserve_deletes: 0
2021/04/25-18:27:49.953878 7f3bb44bb700             Options.two_write_queues: 0
2021/04/25-18:27:49.953880 7f3bb44bb700             Options.manual_wal_flush: 0
2021/04/25-18:27:49.953881 7f3bb44bb700             Options.atomic_flush: 0
2021/04/25-18:27:49.953882 7f3bb44bb700             Options.avoid_unnecessary_blocking_io: 0
2021/04/25-18:27:49.953884 7f3bb44bb700                 Options.persist_stats_to_disk: 0
2021/04/25-18:27:49.953885 7f3bb44bb700                 Options.write_dbid_to_manifest: 0
2021/04/25-18:27:49.953886 7f3bb44bb700                 Options.log_readahead_size: 0
2021/04/25-18:27:49.953888 7f3bb44bb700                 Options.file_checksum_gen_factory: Unknown
2021/04/25-18:27:49.953889 7f3bb44bb700                 Options.best_efforts_recovery: 0
2021/04/25-18:27:49.953890 7f3bb44bb700                Options.max_bgerror_resume_count: 2147483647
2021/04/25-18:27:49.953892 7f3bb44bb700            Options.bgerror_resume_retry_interval: 1000000
2021/04/25-18:27:49.953893 7f3bb44bb700             Options.allow_data_in_errors: 0
2021/04/25-18:27:49.953895 7f3bb44bb700             Options.db_host_id: __hostname__
2021/04/25-18:27:49.953896 7f3bb44bb700             Options.max_background_jobs: 2
2021/04/25-18:27:49.953897 7f3bb44bb700             Options.max_background_compactions: -1
2021/04/25-18:27:49.953899 7f3bb44bb700             Options.max_subcompactions: 1
2021/04/25-18:27:49.953900 7f3bb44bb700             Options.avoid_flush_during_shutdown: 0
2021/04/25-18:27:49.953902 7f3bb44bb700           Options.writable_file_max_buffer_size: 1048576
2021/04/25-18:27:49.953903 7f3bb44bb700             Options.delayed_write_rate : 16777216
2021/04/25-18:27:49.953904 7f3bb44bb700             Options.max_total_wal_size: 0
2021/04/25-18:27:49.953906 7f3bb44bb700             Options.delete_obsolete_files_period_micros: 21600000000
2021/04/25-18:27:49.953907 7f3bb44bb700                   Options.stats_dump_period_sec: 600
2021/04/25-18:27:49.953909 7f3bb44bb700                 Options.stats_persist_period_sec: 600
2021/04/25-18:27:49.953910 7f3bb44bb700                 Options.stats_history_buffer_size: 1048576
2021/04/25-18:27:49.953911 7f3bb44bb700                          Options.max_open_files: -1
2021/04/25-18:27:49.953913 7f3bb44bb700                          Options.bytes_per_sync: 0
2021/04/25-18:27:49.953914 7f3bb44bb700                      Options.wal_bytes_per_sync: 0
2021/04/25-18:27:49.953915 7f3bb44bb700                   Options.strict_bytes_per_sync: 0
2021/04/25-18:27:49.953917 7f3bb44bb700       Options.compaction_readahead_size: 0
2021/04/25-18:27:49.953918 7f3bb44bb700                  Options.max_background_flushes: -1
2021/04/25-18:27:49.953920 7f3bb44bb700 Compression algorithms supported:
2021/04/25-18:27:49.953930 7f3bb44bb700 	kZSTDNotFinalCompression supported: 1
2021/04/25-18:27:49.953932 7f3bb44bb700 	kZSTD supported: 1
2021/04/25-18:27:49.953934 7f3bb44bb700 	kXpressCompression supported: 0
2021/04/25-18:27:49.953935 7f3bb44bb700 	kLZ4HCCompression supported: 1
2021/04/25-18:27:49.953937 7f3bb44bb700 	kLZ4Compression supported: 1
2021/04/25-18:27:49.953938 7f3bb44bb700 	kBZip2Compression supported: 1
2021/04/25-18:27:49.953940 7f3bb44bb700 	kZlibCompression supported: 1
2021/04/25-18:27:49.953941 7f3bb44bb700 	kSnappyCompression supported: 1
2021/04/25-18:27:49.953944 7f3bb44bb700 Fast CRC32 supported: Not supported on x86
2021/04/25-18:27:49.954008 7f3bb44bb700 [/version_set.cc:4725] Recovering from manifest file: ./db/7/MANIFEST-000059
2021/04/25-18:27:49.954131 7f3bb44bb700 [/column_family.cc:597] --------------- Options for column family [default]:
2021/04/25-18:27:49.954134 7f3bb44bb700               Options.comparator: leveldb.BytewiseComparator
2021/04/25-18:27:49.954136 7f3bb44bb700           Options.merge_operator: None
2021/04/25-18:27:49.954137 7f3bb44bb700        Options.compaction_filter: None
2021/04/25-18:27:49.954139 7f3bb44bb700        Options.compaction_filter_factory: None
2021/04/25-18:27:49.954140 7f3bb44bb700  Options.sst_partitioner_factory: None
2021/04/25-18:27:49.954142 7f3bb44bb700         Options.memtable_factory: SkipListFactory
2021/04/25-18:27:49.954143 7f3bb44bb700            Options.table_factory: BlockBasedTable
2021/04/25-18:27:49.954172 7f3bb44bb700            table_factory options:   flush_block_policy_factory: FlushBlockBySizePolicyFactory (0x7f3bb0265910)
>>>>>>> 47ad8fea29801cd25ff7f81060bb8013ea2a3793
  cache_index_and_filter_blocks: 0
  cache_index_and_filter_blocks_with_high_priority: 1
  pin_l0_filter_and_index_blocks_in_cache: 0
  pin_top_level_index_and_filter: 1
  index_type: 0
  data_block_index_type: 0
  index_shortening: 1
  data_block_hash_table_util_ratio: 0,750000
  hash_index_allow_collision: 1
  checksum: 1
  no_block_cache: 0
<<<<<<< HEAD
  block_cache: 0x7f5b743e7740
=======
  block_cache: 0x7f3bb02537d0
>>>>>>> 47ad8fea29801cd25ff7f81060bb8013ea2a3793
  block_cache_name: LRUCache
  block_cache_options:
    capacity : 8388608
    num_shard_bits : 4
    strict_capacity_limit : 0
    memory_allocator : None
    high_pri_pool_ratio: 0,000
  block_cache_compressed: (nil)
  persistent_cache: (nil)
  block_size: 4096
  block_size_deviation: 10
  block_restart_interval: 16
  index_block_restart_interval: 1
  metadata_block_size: 4096
  partition_filters: 0
  use_delta_encoding: 1
  filter_policy: nullptr
  whole_key_filtering: 1
  verify_compression: 0
  read_amp_bytes_per_bit: 0
  format_version: 4
  enable_index_compression: 1
  block_align: 0
<<<<<<< HEAD
2021/04/25-19:06:47.283207 7f5b7963d640        Options.write_buffer_size: 67108864
2021/04/25-19:06:47.283209 7f5b7963d640  Options.max_write_buffer_number: 2
2021/04/25-19:06:47.283212 7f5b7963d640          Options.compression: Snappy
2021/04/25-19:06:47.283214 7f5b7963d640                  Options.bottommost_compression: Disabled
2021/04/25-19:06:47.283216 7f5b7963d640       Options.prefix_extractor: nullptr
2021/04/25-19:06:47.283218 7f5b7963d640   Options.memtable_insert_with_hint_prefix_extractor: nullptr
2021/04/25-19:06:47.283220 7f5b7963d640             Options.num_levels: 7
2021/04/25-19:06:47.283223 7f5b7963d640        Options.min_write_buffer_number_to_merge: 1
2021/04/25-19:06:47.283225 7f5b7963d640     Options.max_write_buffer_number_to_maintain: 0
2021/04/25-19:06:47.283227 7f5b7963d640     Options.max_write_buffer_size_to_maintain: 0
2021/04/25-19:06:47.283229 7f5b7963d640            Options.bottommost_compression_opts.window_bits: -14
2021/04/25-19:06:47.283231 7f5b7963d640                  Options.bottommost_compression_opts.level: 32767
2021/04/25-19:06:47.283233 7f5b7963d640               Options.bottommost_compression_opts.strategy: 0
2021/04/25-19:06:47.283235 7f5b7963d640         Options.bottommost_compression_opts.max_dict_bytes: 0
2021/04/25-19:06:47.283238 7f5b7963d640         Options.bottommost_compression_opts.zstd_max_train_bytes: 0
2021/04/25-19:06:47.283240 7f5b7963d640         Options.bottommost_compression_opts.parallel_threads: 1
2021/04/25-19:06:47.283259 7f5b7963d640                  Options.bottommost_compression_opts.enabled: false
2021/04/25-19:06:47.283262 7f5b7963d640            Options.compression_opts.window_bits: -14
2021/04/25-19:06:47.283264 7f5b7963d640                  Options.compression_opts.level: 32767
2021/04/25-19:06:47.283266 7f5b7963d640               Options.compression_opts.strategy: 0
2021/04/25-19:06:47.283268 7f5b7963d640         Options.compression_opts.max_dict_bytes: 0
2021/04/25-19:06:47.283270 7f5b7963d640         Options.compression_opts.zstd_max_train_bytes: 0
2021/04/25-19:06:47.283272 7f5b7963d640         Options.compression_opts.parallel_threads: 1
2021/04/25-19:06:47.283274 7f5b7963d640                  Options.compression_opts.enabled: false
2021/04/25-19:06:47.283277 7f5b7963d640      Options.level0_file_num_compaction_trigger: 4
2021/04/25-19:06:47.283279 7f5b7963d640          Options.level0_slowdown_writes_trigger: 20
2021/04/25-19:06:47.283281 7f5b7963d640              Options.level0_stop_writes_trigger: 36
2021/04/25-19:06:47.283283 7f5b7963d640                   Options.target_file_size_base: 67108864
2021/04/25-19:06:47.283285 7f5b7963d640             Options.target_file_size_multiplier: 1
2021/04/25-19:06:47.283287 7f5b7963d640                Options.max_bytes_for_level_base: 268435456
2021/04/25-19:06:47.283290 7f5b7963d640 Options.level_compaction_dynamic_level_bytes: 0
2021/04/25-19:06:47.283292 7f5b7963d640          Options.max_bytes_for_level_multiplier: 10,000000
2021/04/25-19:06:47.283296 7f5b7963d640 Options.max_bytes_for_level_multiplier_addtl[0]: 1
2021/04/25-19:06:47.283298 7f5b7963d640 Options.max_bytes_for_level_multiplier_addtl[1]: 1
2021/04/25-19:06:47.283302 7f5b7963d640 Options.max_bytes_for_level_multiplier_addtl[2]: 1
2021/04/25-19:06:47.283305 7f5b7963d640 Options.max_bytes_for_level_multiplier_addtl[3]: 1
2021/04/25-19:06:47.283309 7f5b7963d640 Options.max_bytes_for_level_multiplier_addtl[4]: 1
2021/04/25-19:06:47.283313 7f5b7963d640 Options.max_bytes_for_level_multiplier_addtl[5]: 1
2021/04/25-19:06:47.283317 7f5b7963d640 Options.max_bytes_for_level_multiplier_addtl[6]: 1
2021/04/25-19:06:47.283320 7f5b7963d640       Options.max_sequential_skip_in_iterations: 8
2021/04/25-19:06:47.283324 7f5b7963d640                    Options.max_compaction_bytes: 1677721600
2021/04/25-19:06:47.283329 7f5b7963d640                        Options.arena_block_size: 8388608
2021/04/25-19:06:47.283333 7f5b7963d640   Options.soft_pending_compaction_bytes_limit: 68719476736
2021/04/25-19:06:47.283337 7f5b7963d640   Options.hard_pending_compaction_bytes_limit: 274877906944
2021/04/25-19:06:47.283341 7f5b7963d640       Options.rate_limit_delay_max_milliseconds: 100
2021/04/25-19:06:47.283345 7f5b7963d640                Options.disable_auto_compactions: 0
2021/04/25-19:06:47.283348 7f5b7963d640                        Options.compaction_style: kCompactionStyleLevel
2021/04/25-19:06:47.283350 7f5b7963d640                          Options.compaction_pri: kMinOverlappingRatio
2021/04/25-19:06:47.283352 7f5b7963d640 Options.compaction_options_universal.size_ratio: 1
2021/04/25-19:06:47.283355 7f5b7963d640 Options.compaction_options_universal.min_merge_width: 2
2021/04/25-19:06:47.283357 7f5b7963d640 Options.compaction_options_universal.max_merge_width: 4294967295
2021/04/25-19:06:47.283359 7f5b7963d640 Options.compaction_options_universal.max_size_amplification_percent: 200
2021/04/25-19:06:47.283361 7f5b7963d640 Options.compaction_options_universal.compression_size_percent: -1
2021/04/25-19:06:47.283364 7f5b7963d640 Options.compaction_options_universal.stop_style: kCompactionStopStyleTotalSize
2021/04/25-19:06:47.283366 7f5b7963d640 Options.compaction_options_fifo.max_table_files_size: 1073741824
2021/04/25-19:06:47.283368 7f5b7963d640 Options.compaction_options_fifo.allow_compaction: 0
2021/04/25-19:06:47.283374 7f5b7963d640                   Options.table_properties_collectors: 
2021/04/25-19:06:47.283376 7f5b7963d640                   Options.inplace_update_support: 0
2021/04/25-19:06:47.283395 7f5b7963d640                 Options.inplace_update_num_locks: 10000
2021/04/25-19:06:47.283398 7f5b7963d640               Options.memtable_prefix_bloom_size_ratio: 0,000000
2021/04/25-19:06:47.283402 7f5b7963d640               Options.memtable_whole_key_filtering: 0
2021/04/25-19:06:47.283404 7f5b7963d640   Options.memtable_huge_page_size: 0
2021/04/25-19:06:47.283406 7f5b7963d640                           Options.bloom_locality: 0
2021/04/25-19:06:47.283408 7f5b7963d640                    Options.max_successive_merges: 0
2021/04/25-19:06:47.283410 7f5b7963d640                Options.optimize_filters_for_hits: 0
2021/04/25-19:06:47.283412 7f5b7963d640                Options.paranoid_file_checks: 0
2021/04/25-19:06:47.283415 7f5b7963d640                Options.force_consistency_checks: 1
2021/04/25-19:06:47.283417 7f5b7963d640                Options.report_bg_io_stats: 0
2021/04/25-19:06:47.283419 7f5b7963d640                               Options.ttl: 2592000
2021/04/25-19:06:47.283421 7f5b7963d640          Options.periodic_compaction_seconds: 0
2021/04/25-19:06:47.283423 7f5b7963d640                    Options.enable_blob_files: false
2021/04/25-19:06:47.283425 7f5b7963d640                        Options.min_blob_size: 0
2021/04/25-19:06:47.283427 7f5b7963d640                       Options.blob_file_size: 268435456
2021/04/25-19:06:47.283430 7f5b7963d640                Options.blob_compression_type: NoCompression
2021/04/25-19:06:47.283432 7f5b7963d640       Options.enable_blob_garbage_collection: false
2021/04/25-19:06:47.283435 7f5b7963d640   Options.blob_garbage_collection_age_cutoff: 0,250000
2021/04/25-19:06:47.284359 7f5b7963d640 [/version_set.cc:4773] Recovered from manifest file:./db/7/MANIFEST-000024 succeeded,manifest_file_number is 24, next_file_number is 26, last_sequence is 1624, log_number is 21,prev_log_number is 0,max_column_family is 0,min_log_number_to_keep is 0
2021/04/25-19:06:47.284370 7f5b7963d640 [/version_set.cc:4782] Column family [default] (ID 0), log number is 21
2021/04/25-19:06:47.284486 7f5b7963d640 [/version_set.cc:4083] Creating manifest 28
2021/04/25-19:06:47.299194 7f5b7963d640 EVENT_LOG_v1 {"time_micros": 1619352407299185, "job": 1, "event": "recovery_started", "wal_files": [25]}
2021/04/25-19:06:47.299212 7f5b7963d640 [/db_impl/db_impl_open.cc:847] Recovering log #25 mode 2
2021/04/25-19:06:47.299284 7f5b7963d640 [/version_set.cc:4083] Creating manifest 29
2021/04/25-19:06:47.314834 7f5b7963d640 EVENT_LOG_v1 {"time_micros": 1619352407314824, "job": 1, "event": "recovery_finished"}
2021/04/25-19:06:47.315282 7f5b7963d640 [le/delete_scheduler.cc:73] Deleted file ./db/7/000025.log immediately, rate_bytes_per_sec 0, total_trash_size 0 max_trash_db_ratio 0,250000
2021/04/25-19:06:47.328238 7f5b7963d640 [/db_impl/db_impl_open.cc:1701] SstFileManager instance 0x7f5b745ba850
2021/04/25-19:06:47.328352 7f5b7963d640 DB pointer 0x7f5b7456ed90
=======
2021/04/25-18:27:49.954174 7f3bb44bb700        Options.write_buffer_size: 67108864
2021/04/25-18:27:49.954176 7f3bb44bb700  Options.max_write_buffer_number: 2
2021/04/25-18:27:49.954177 7f3bb44bb700          Options.compression: Snappy
2021/04/25-18:27:49.954179 7f3bb44bb700                  Options.bottommost_compression: Disabled
2021/04/25-18:27:49.954180 7f3bb44bb700       Options.prefix_extractor: nullptr
2021/04/25-18:27:49.954182 7f3bb44bb700   Options.memtable_insert_with_hint_prefix_extractor: nullptr
2021/04/25-18:27:49.954183 7f3bb44bb700             Options.num_levels: 7
2021/04/25-18:27:49.954184 7f3bb44bb700        Options.min_write_buffer_number_to_merge: 1
2021/04/25-18:27:49.954186 7f3bb44bb700     Options.max_write_buffer_number_to_maintain: 0
2021/04/25-18:27:49.954187 7f3bb44bb700     Options.max_write_buffer_size_to_maintain: 0
2021/04/25-18:27:49.954188 7f3bb44bb700            Options.bottommost_compression_opts.window_bits: -14
2021/04/25-18:27:49.954190 7f3bb44bb700                  Options.bottommost_compression_opts.level: 32767
2021/04/25-18:27:49.954191 7f3bb44bb700               Options.bottommost_compression_opts.strategy: 0
2021/04/25-18:27:49.954193 7f3bb44bb700         Options.bottommost_compression_opts.max_dict_bytes: 0
2021/04/25-18:27:49.954194 7f3bb44bb700         Options.bottommost_compression_opts.zstd_max_train_bytes: 0
2021/04/25-18:27:49.954195 7f3bb44bb700         Options.bottommost_compression_opts.parallel_threads: 1
2021/04/25-18:27:49.954208 7f3bb44bb700                  Options.bottommost_compression_opts.enabled: false
2021/04/25-18:27:49.954210 7f3bb44bb700            Options.compression_opts.window_bits: -14
2021/04/25-18:27:49.954212 7f3bb44bb700                  Options.compression_opts.level: 32767
2021/04/25-18:27:49.954213 7f3bb44bb700               Options.compression_opts.strategy: 0
2021/04/25-18:27:49.954214 7f3bb44bb700         Options.compression_opts.max_dict_bytes: 0
2021/04/25-18:27:49.954216 7f3bb44bb700         Options.compression_opts.zstd_max_train_bytes: 0
2021/04/25-18:27:49.954217 7f3bb44bb700         Options.compression_opts.parallel_threads: 1
2021/04/25-18:27:49.954218 7f3bb44bb700                  Options.compression_opts.enabled: false
2021/04/25-18:27:49.954220 7f3bb44bb700      Options.level0_file_num_compaction_trigger: 4
2021/04/25-18:27:49.954221 7f3bb44bb700          Options.level0_slowdown_writes_trigger: 20
2021/04/25-18:27:49.954222 7f3bb44bb700              Options.level0_stop_writes_trigger: 36
2021/04/25-18:27:49.954224 7f3bb44bb700                   Options.target_file_size_base: 67108864
2021/04/25-18:27:49.954225 7f3bb44bb700             Options.target_file_size_multiplier: 1
2021/04/25-18:27:49.954226 7f3bb44bb700                Options.max_bytes_for_level_base: 268435456
2021/04/25-18:27:49.954228 7f3bb44bb700 Options.level_compaction_dynamic_level_bytes: 0
2021/04/25-18:27:49.954229 7f3bb44bb700          Options.max_bytes_for_level_multiplier: 10.000000
2021/04/25-18:27:49.954232 7f3bb44bb700 Options.max_bytes_for_level_multiplier_addtl[0]: 1
2021/04/25-18:27:49.954233 7f3bb44bb700 Options.max_bytes_for_level_multiplier_addtl[1]: 1
2021/04/25-18:27:49.954235 7f3bb44bb700 Options.max_bytes_for_level_multiplier_addtl[2]: 1
2021/04/25-18:27:49.954236 7f3bb44bb700 Options.max_bytes_for_level_multiplier_addtl[3]: 1
2021/04/25-18:27:49.954237 7f3bb44bb700 Options.max_bytes_for_level_multiplier_addtl[4]: 1
2021/04/25-18:27:49.954239 7f3bb44bb700 Options.max_bytes_for_level_multiplier_addtl[5]: 1
2021/04/25-18:27:49.954240 7f3bb44bb700 Options.max_bytes_for_level_multiplier_addtl[6]: 1
2021/04/25-18:27:49.954241 7f3bb44bb700       Options.max_sequential_skip_in_iterations: 8
2021/04/25-18:27:49.954243 7f3bb44bb700                    Options.max_compaction_bytes: 1677721600
2021/04/25-18:27:49.954244 7f3bb44bb700                        Options.arena_block_size: 8388608
2021/04/25-18:27:49.954245 7f3bb44bb700   Options.soft_pending_compaction_bytes_limit: 68719476736
2021/04/25-18:27:49.954247 7f3bb44bb700   Options.hard_pending_compaction_bytes_limit: 274877906944
2021/04/25-18:27:49.954248 7f3bb44bb700       Options.rate_limit_delay_max_milliseconds: 100
2021/04/25-18:27:49.954249 7f3bb44bb700                Options.disable_auto_compactions: 0
2021/04/25-18:27:49.954252 7f3bb44bb700                        Options.compaction_style: kCompactionStyleLevel
2021/04/25-18:27:49.954253 7f3bb44bb700                          Options.compaction_pri: kMinOverlappingRatio
2021/04/25-18:27:49.954255 7f3bb44bb700 Options.compaction_options_universal.size_ratio: 1
2021/04/25-18:27:49.954256 7f3bb44bb700 Options.compaction_options_universal.min_merge_width: 2
2021/04/25-18:27:49.954257 7f3bb44bb700 Options.compaction_options_universal.max_merge_width: 4294967295
2021/04/25-18:27:49.954259 7f3bb44bb700 Options.compaction_options_universal.max_size_amplification_percent: 200
2021/04/25-18:27:49.954260 7f3bb44bb700 Options.compaction_options_universal.compression_size_percent: -1
2021/04/25-18:27:49.954262 7f3bb44bb700 Options.compaction_options_universal.stop_style: kCompactionStopStyleTotalSize
2021/04/25-18:27:49.954263 7f3bb44bb700 Options.compaction_options_fifo.max_table_files_size: 1073741824
2021/04/25-18:27:49.954264 7f3bb44bb700 Options.compaction_options_fifo.allow_compaction: 0
2021/04/25-18:27:49.954269 7f3bb44bb700                   Options.table_properties_collectors: 
2021/04/25-18:27:49.954270 7f3bb44bb700                   Options.inplace_update_support: 0
2021/04/25-18:27:49.954281 7f3bb44bb700                 Options.inplace_update_num_locks: 10000
2021/04/25-18:27:49.954283 7f3bb44bb700               Options.memtable_prefix_bloom_size_ratio: 0.000000
2021/04/25-18:27:49.954285 7f3bb44bb700               Options.memtable_whole_key_filtering: 0
2021/04/25-18:27:49.954286 7f3bb44bb700   Options.memtable_huge_page_size: 0
2021/04/25-18:27:49.954288 7f3bb44bb700                           Options.bloom_locality: 0
2021/04/25-18:27:49.954289 7f3bb44bb700                    Options.max_successive_merges: 0
2021/04/25-18:27:49.954290 7f3bb44bb700                Options.optimize_filters_for_hits: 0
2021/04/25-18:27:49.954292 7f3bb44bb700                Options.paranoid_file_checks: 0
2021/04/25-18:27:49.954293 7f3bb44bb700                Options.force_consistency_checks: 1
2021/04/25-18:27:49.954294 7f3bb44bb700                Options.report_bg_io_stats: 0
2021/04/25-18:27:49.954295 7f3bb44bb700                               Options.ttl: 2592000
2021/04/25-18:27:49.954297 7f3bb44bb700          Options.periodic_compaction_seconds: 0
2021/04/25-18:27:49.954298 7f3bb44bb700                    Options.enable_blob_files: false
2021/04/25-18:27:49.954299 7f3bb44bb700                        Options.min_blob_size: 0
2021/04/25-18:27:49.954301 7f3bb44bb700                       Options.blob_file_size: 268435456
2021/04/25-18:27:49.954302 7f3bb44bb700                Options.blob_compression_type: NoCompression
2021/04/25-18:27:49.954304 7f3bb44bb700       Options.enable_blob_garbage_collection: false
2021/04/25-18:27:49.954305 7f3bb44bb700   Options.blob_garbage_collection_age_cutoff: 0.250000
2021/04/25-18:27:49.954953 7f3bb44bb700 [/version_set.cc:4773] Recovered from manifest file:./db/7/MANIFEST-000059 succeeded,manifest_file_number is 59, next_file_number is 61, last_sequence is 87432, log_number is 56,prev_log_number is 0,max_column_family is 0,min_log_number_to_keep is 0
2021/04/25-18:27:49.954961 7f3bb44bb700 [/version_set.cc:4782] Column family [default] (ID 0), log number is 56
2021/04/25-18:27:49.955042 7f3bb44bb700 [/version_set.cc:4083] Creating manifest 63
2021/04/25-18:27:49.966162 7f3bb44bb700 EVENT_LOG_v1 {"time_micros": 1619346469966156, "job": 1, "event": "recovery_started", "wal_files": [60]}
2021/04/25-18:27:49.966171 7f3bb44bb700 [/db_impl/db_impl_open.cc:847] Recovering log #60 mode 2
2021/04/25-18:27:49.966204 7f3bb44bb700 [/version_set.cc:4083] Creating manifest 64
2021/04/25-18:27:49.977242 7f3bb44bb700 EVENT_LOG_v1 {"time_micros": 1619346469977236, "job": 1, "event": "recovery_finished"}
2021/04/25-18:27:49.977430 7f3bb44bb700 [le/delete_scheduler.cc:73] Deleted file ./db/7/000060.log immediately, rate_bytes_per_sec 0, total_trash_size 0 max_trash_db_ratio 0.250000
2021/04/25-18:27:49.985441 7f3bb44bb700 [/db_impl/db_impl_open.cc:1701] SstFileManager instance 0x7f3bb0422860
2021/04/25-18:27:49.985481 7f3bb44bb700 DB pointer 0x7f3bb0422e50
>>>>>>> 47ad8fea29801cd25ff7f81060bb8013ea2a3793
