<<<<<<< HEAD
2021/04/25-19:06:47.242228 7f5b7963d640 RocksDB version: 6.15.5
2021/04/25-19:06:47.242270 7f5b7963d640 Git sha rocksdb_build_git_sha:
2021/04/25-19:06:47.242274 7f5b7963d640 Compile date Mar 13 2021
2021/04/25-19:06:47.242343 7f5b7963d640 DB SUMMARY
2021/04/25-19:06:47.242345 7f5b7963d640 DB Session ID:  ZB6S0DUDT53IS4GG4IIF
2021/04/25-19:06:47.242376 7f5b7963d640 CURRENT file:  CURRENT
2021/04/25-19:06:47.242378 7f5b7963d640 IDENTITY file:  IDENTITY
2021/04/25-19:06:47.242383 7f5b7963d640 MANIFEST file:  MANIFEST-000024 size: 121 Bytes
2021/04/25-19:06:47.242385 7f5b7963d640 SST files in ./db/6 dir, Total Num: 1, files: 000008.sst 
2021/04/25-19:06:47.242387 7f5b7963d640 Write Ahead Log file in ./db/6: 000025.log size: 0 ; 
2021/04/25-19:06:47.242389 7f5b7963d640                         Options.error_if_exists: 0
2021/04/25-19:06:47.242391 7f5b7963d640                       Options.create_if_missing: 1
2021/04/25-19:06:47.242392 7f5b7963d640                         Options.paranoid_checks: 1
2021/04/25-19:06:47.242394 7f5b7963d640                               Options.track_and_verify_wals_in_manifest: 0
2021/04/25-19:06:47.242395 7f5b7963d640                                     Options.env: 0x7f5b2b7da400
2021/04/25-19:06:47.242397 7f5b7963d640                                      Options.fs: Posix File System
2021/04/25-19:06:47.242398 7f5b7963d640                                Options.info_log: 0x7f5b7454a990
2021/04/25-19:06:47.242400 7f5b7963d640                Options.max_file_opening_threads: 16
2021/04/25-19:06:47.242401 7f5b7963d640                              Options.statistics: (nil)
2021/04/25-19:06:47.242403 7f5b7963d640                               Options.use_fsync: 0
2021/04/25-19:06:47.242404 7f5b7963d640                       Options.max_log_file_size: 0
2021/04/25-19:06:47.242406 7f5b7963d640                  Options.max_manifest_file_size: 1073741824
2021/04/25-19:06:47.242407 7f5b7963d640                   Options.log_file_time_to_roll: 0
2021/04/25-19:06:47.242408 7f5b7963d640                       Options.keep_log_file_num: 1000
2021/04/25-19:06:47.242410 7f5b7963d640                    Options.recycle_log_file_num: 0
2021/04/25-19:06:47.242411 7f5b7963d640                         Options.allow_fallocate: 1
2021/04/25-19:06:47.242412 7f5b7963d640                        Options.allow_mmap_reads: 0
2021/04/25-19:06:47.242414 7f5b7963d640                       Options.allow_mmap_writes: 0
2021/04/25-19:06:47.242415 7f5b7963d640                        Options.use_direct_reads: 0
2021/04/25-19:06:47.242416 7f5b7963d640                        Options.use_direct_io_for_flush_and_compaction: 0
2021/04/25-19:06:47.242418 7f5b7963d640          Options.create_missing_column_families: 0
2021/04/25-19:06:47.242419 7f5b7963d640                              Options.db_log_dir: 
2021/04/25-19:06:47.242421 7f5b7963d640                                 Options.wal_dir: ./db/6
2021/04/25-19:06:47.242422 7f5b7963d640                Options.table_cache_numshardbits: 6
2021/04/25-19:06:47.242423 7f5b7963d640                         Options.WAL_ttl_seconds: 0
2021/04/25-19:06:47.242425 7f5b7963d640                       Options.WAL_size_limit_MB: 0
2021/04/25-19:06:47.242426 7f5b7963d640                        Options.max_write_batch_group_size_bytes: 1048576
2021/04/25-19:06:47.242427 7f5b7963d640             Options.manifest_preallocation_size: 4194304
2021/04/25-19:06:47.242429 7f5b7963d640                     Options.is_fd_close_on_exec: 1
2021/04/25-19:06:47.242430 7f5b7963d640                   Options.advise_random_on_open: 1
2021/04/25-19:06:47.242431 7f5b7963d640                    Options.db_write_buffer_size: 0
2021/04/25-19:06:47.242433 7f5b7963d640                    Options.write_buffer_manager: 0x7f5b74500dc0
2021/04/25-19:06:47.242434 7f5b7963d640         Options.access_hint_on_compaction_start: 1
2021/04/25-19:06:47.242435 7f5b7963d640  Options.new_table_reader_for_compaction_inputs: 0
2021/04/25-19:06:47.242437 7f5b7963d640           Options.random_access_max_buffer_size: 1048576
2021/04/25-19:06:47.242438 7f5b7963d640                      Options.use_adaptive_mutex: 0
2021/04/25-19:06:47.242452 7f5b7963d640                            Options.rate_limiter: (nil)
2021/04/25-19:06:47.242454 7f5b7963d640     Options.sst_file_manager.rate_bytes_per_sec: 0
2021/04/25-19:06:47.242455 7f5b7963d640                       Options.wal_recovery_mode: 2
2021/04/25-19:06:47.242457 7f5b7963d640                  Options.enable_thread_tracking: 0
2021/04/25-19:06:47.242458 7f5b7963d640                  Options.enable_pipelined_write: 0
2021/04/25-19:06:47.242459 7f5b7963d640                  Options.unordered_write: 0
2021/04/25-19:06:47.242460 7f5b7963d640         Options.allow_concurrent_memtable_write: 1
2021/04/25-19:06:47.242462 7f5b7963d640      Options.enable_write_thread_adaptive_yield: 1
2021/04/25-19:06:47.242463 7f5b7963d640             Options.write_thread_max_yield_usec: 100
2021/04/25-19:06:47.242465 7f5b7963d640            Options.write_thread_slow_yield_usec: 3
2021/04/25-19:06:47.242466 7f5b7963d640                               Options.row_cache: None
2021/04/25-19:06:47.242467 7f5b7963d640                              Options.wal_filter: None
2021/04/25-19:06:47.242469 7f5b7963d640             Options.avoid_flush_during_recovery: 0
2021/04/25-19:06:47.242470 7f5b7963d640             Options.allow_ingest_behind: 0
2021/04/25-19:06:47.242471 7f5b7963d640             Options.preserve_deletes: 0
2021/04/25-19:06:47.242473 7f5b7963d640             Options.two_write_queues: 0
2021/04/25-19:06:47.242474 7f5b7963d640             Options.manual_wal_flush: 0
2021/04/25-19:06:47.242475 7f5b7963d640             Options.atomic_flush: 0
2021/04/25-19:06:47.242476 7f5b7963d640             Options.avoid_unnecessary_blocking_io: 0
2021/04/25-19:06:47.242478 7f5b7963d640                 Options.persist_stats_to_disk: 0
2021/04/25-19:06:47.242479 7f5b7963d640                 Options.write_dbid_to_manifest: 0
2021/04/25-19:06:47.242480 7f5b7963d640                 Options.log_readahead_size: 0
2021/04/25-19:06:47.242482 7f5b7963d640                 Options.file_checksum_gen_factory: Unknown
2021/04/25-19:06:47.242483 7f5b7963d640                 Options.best_efforts_recovery: 0
2021/04/25-19:06:47.242484 7f5b7963d640                Options.max_bgerror_resume_count: 2147483647
2021/04/25-19:06:47.242486 7f5b7963d640            Options.bgerror_resume_retry_interval: 1000000
2021/04/25-19:06:47.242487 7f5b7963d640             Options.allow_data_in_errors: 0
2021/04/25-19:06:47.242488 7f5b7963d640             Options.db_host_id: __hostname__
2021/04/25-19:06:47.242490 7f5b7963d640             Options.max_background_jobs: 2
2021/04/25-19:06:47.242491 7f5b7963d640             Options.max_background_compactions: -1
2021/04/25-19:06:47.242492 7f5b7963d640             Options.max_subcompactions: 1
2021/04/25-19:06:47.242494 7f5b7963d640             Options.avoid_flush_during_shutdown: 0
2021/04/25-19:06:47.242495 7f5b7963d640           Options.writable_file_max_buffer_size: 1048576
2021/04/25-19:06:47.242496 7f5b7963d640             Options.delayed_write_rate : 16777216
2021/04/25-19:06:47.242498 7f5b7963d640             Options.max_total_wal_size: 0
2021/04/25-19:06:47.242499 7f5b7963d640             Options.delete_obsolete_files_period_micros: 21600000000
2021/04/25-19:06:47.242500 7f5b7963d640                   Options.stats_dump_period_sec: 600
2021/04/25-19:06:47.242502 7f5b7963d640                 Options.stats_persist_period_sec: 600
2021/04/25-19:06:47.242503 7f5b7963d640                 Options.stats_history_buffer_size: 1048576
2021/04/25-19:06:47.242504 7f5b7963d640                          Options.max_open_files: -1
2021/04/25-19:06:47.242506 7f5b7963d640                          Options.bytes_per_sync: 0
2021/04/25-19:06:47.242507 7f5b7963d640                      Options.wal_bytes_per_sync: 0
2021/04/25-19:06:47.242508 7f5b7963d640                   Options.strict_bytes_per_sync: 0
2021/04/25-19:06:47.242510 7f5b7963d640       Options.compaction_readahead_size: 0
2021/04/25-19:06:47.242511 7f5b7963d640                  Options.max_background_flushes: -1
2021/04/25-19:06:47.242512 7f5b7963d640 Compression algorithms supported:
2021/04/25-19:06:47.242521 7f5b7963d640 	kZSTDNotFinalCompression supported: 1
2021/04/25-19:06:47.242523 7f5b7963d640 	kZSTD supported: 1
2021/04/25-19:06:47.242524 7f5b7963d640 	kXpressCompression supported: 0
2021/04/25-19:06:47.242526 7f5b7963d640 	kLZ4HCCompression supported: 1
2021/04/25-19:06:47.242527 7f5b7963d640 	kLZ4Compression supported: 1
2021/04/25-19:06:47.242528 7f5b7963d640 	kBZip2Compression supported: 1
2021/04/25-19:06:47.242530 7f5b7963d640 	kZlibCompression supported: 1
2021/04/25-19:06:47.242531 7f5b7963d640 	kSnappyCompression supported: 1
2021/04/25-19:06:47.242533 7f5b7963d640 Fast CRC32 supported: Not supported on x86
2021/04/25-19:06:47.242594 7f5b7963d640 [/version_set.cc:4725] Recovering from manifest file: ./db/6/MANIFEST-000024
2021/04/25-19:06:47.242702 7f5b7963d640 [/column_family.cc:597] --------------- Options for column family [default]:
2021/04/25-19:06:47.242705 7f5b7963d640               Options.comparator: leveldb.BytewiseComparator
2021/04/25-19:06:47.242707 7f5b7963d640           Options.merge_operator: None
2021/04/25-19:06:47.242709 7f5b7963d640        Options.compaction_filter: None
2021/04/25-19:06:47.242711 7f5b7963d640        Options.compaction_filter_factory: None
2021/04/25-19:06:47.242714 7f5b7963d640  Options.sst_partitioner_factory: None
2021/04/25-19:06:47.242716 7f5b7963d640         Options.memtable_factory: SkipListFactory
2021/04/25-19:06:47.242718 7f5b7963d640            Options.table_factory: BlockBasedTable
2021/04/25-19:06:47.242761 7f5b7963d640            table_factory options:   flush_block_policy_factory: FlushBlockBySizePolicyFactory (0x7f5b743fa070)
=======
2021/04/25-18:27:49.915665 7f3bb44bb700 RocksDB version: 6.15.5
2021/04/25-18:27:49.915705 7f3bb44bb700 Git sha rocksdb_build_git_sha:
2021/04/25-18:27:49.915708 7f3bb44bb700 Compile date Mar 13 2021
2021/04/25-18:27:49.915753 7f3bb44bb700 DB SUMMARY
2021/04/25-18:27:49.915755 7f3bb44bb700 DB Session ID:  FW4V8JSWXMR9XJ76L6AV
2021/04/25-18:27:49.915780 7f3bb44bb700 CURRENT file:  CURRENT
2021/04/25-18:27:49.915781 7f3bb44bb700 IDENTITY file:  IDENTITY
2021/04/25-18:27:49.915785 7f3bb44bb700 MANIFEST file:  MANIFEST-002549 size: 139 Bytes
2021/04/25-18:27:49.915787 7f3bb44bb700 SST files in ./db/6 dir, Total Num: 1, files: 002531.sst 
2021/04/25-18:27:49.915788 7f3bb44bb700 Write Ahead Log file in ./db/6: 002550.log size: 0 ; 
2021/04/25-18:27:49.915790 7f3bb44bb700                         Options.error_if_exists: 0
2021/04/25-18:27:49.915792 7f3bb44bb700                       Options.create_if_missing: 1
2021/04/25-18:27:49.915793 7f3bb44bb700                         Options.paranoid_checks: 1
2021/04/25-18:27:49.915794 7f3bb44bb700                               Options.track_and_verify_wals_in_manifest: 0
2021/04/25-18:27:49.915795 7f3bb44bb700                                     Options.env: 0x7f3b77142400
2021/04/25-18:27:49.915796 7f3bb44bb700                                      Options.fs: Posix File System
2021/04/25-18:27:49.915797 7f3bb44bb700                                Options.info_log: 0x7f3bb0363290
2021/04/25-18:27:49.915798 7f3bb44bb700                Options.max_file_opening_threads: 16
2021/04/25-18:27:49.915800 7f3bb44bb700                              Options.statistics: (nil)
2021/04/25-18:27:49.915801 7f3bb44bb700                               Options.use_fsync: 0
2021/04/25-18:27:49.915802 7f3bb44bb700                       Options.max_log_file_size: 0
2021/04/25-18:27:49.915803 7f3bb44bb700                  Options.max_manifest_file_size: 1073741824
2021/04/25-18:27:49.915804 7f3bb44bb700                   Options.log_file_time_to_roll: 0
2021/04/25-18:27:49.915805 7f3bb44bb700                       Options.keep_log_file_num: 1000
2021/04/25-18:27:49.915806 7f3bb44bb700                    Options.recycle_log_file_num: 0
2021/04/25-18:27:49.915807 7f3bb44bb700                         Options.allow_fallocate: 1
2021/04/25-18:27:49.915808 7f3bb44bb700                        Options.allow_mmap_reads: 0
2021/04/25-18:27:49.915809 7f3bb44bb700                       Options.allow_mmap_writes: 0
2021/04/25-18:27:49.915810 7f3bb44bb700                        Options.use_direct_reads: 0
2021/04/25-18:27:49.915811 7f3bb44bb700                        Options.use_direct_io_for_flush_and_compaction: 0
2021/04/25-18:27:49.915813 7f3bb44bb700          Options.create_missing_column_families: 0
2021/04/25-18:27:49.915814 7f3bb44bb700                              Options.db_log_dir: 
2021/04/25-18:27:49.915816 7f3bb44bb700                                 Options.wal_dir: ./db/6
2021/04/25-18:27:49.915817 7f3bb44bb700                Options.table_cache_numshardbits: 6
2021/04/25-18:27:49.915818 7f3bb44bb700                         Options.WAL_ttl_seconds: 0
2021/04/25-18:27:49.915819 7f3bb44bb700                       Options.WAL_size_limit_MB: 0
2021/04/25-18:27:49.915820 7f3bb44bb700                        Options.max_write_batch_group_size_bytes: 1048576
2021/04/25-18:27:49.915821 7f3bb44bb700             Options.manifest_preallocation_size: 4194304
2021/04/25-18:27:49.915822 7f3bb44bb700                     Options.is_fd_close_on_exec: 1
2021/04/25-18:27:49.915823 7f3bb44bb700                   Options.advise_random_on_open: 1
2021/04/25-18:27:49.915824 7f3bb44bb700                    Options.db_write_buffer_size: 0
2021/04/25-18:27:49.915825 7f3bb44bb700                    Options.write_buffer_manager: 0x7f3bb03b45c0
2021/04/25-18:27:49.915826 7f3bb44bb700         Options.access_hint_on_compaction_start: 1
2021/04/25-18:27:49.915827 7f3bb44bb700  Options.new_table_reader_for_compaction_inputs: 0
2021/04/25-18:27:49.915828 7f3bb44bb700           Options.random_access_max_buffer_size: 1048576
2021/04/25-18:27:49.915829 7f3bb44bb700                      Options.use_adaptive_mutex: 0
2021/04/25-18:27:49.915840 7f3bb44bb700                            Options.rate_limiter: (nil)
2021/04/25-18:27:49.915841 7f3bb44bb700     Options.sst_file_manager.rate_bytes_per_sec: 0
2021/04/25-18:27:49.915842 7f3bb44bb700                       Options.wal_recovery_mode: 2
2021/04/25-18:27:49.915843 7f3bb44bb700                  Options.enable_thread_tracking: 0
2021/04/25-18:27:49.915844 7f3bb44bb700                  Options.enable_pipelined_write: 0
2021/04/25-18:27:49.915845 7f3bb44bb700                  Options.unordered_write: 0
2021/04/25-18:27:49.915846 7f3bb44bb700         Options.allow_concurrent_memtable_write: 1
2021/04/25-18:27:49.915847 7f3bb44bb700      Options.enable_write_thread_adaptive_yield: 1
2021/04/25-18:27:49.915848 7f3bb44bb700             Options.write_thread_max_yield_usec: 100
2021/04/25-18:27:49.915850 7f3bb44bb700            Options.write_thread_slow_yield_usec: 3
2021/04/25-18:27:49.915851 7f3bb44bb700                               Options.row_cache: None
2021/04/25-18:27:49.915852 7f3bb44bb700                              Options.wal_filter: None
2021/04/25-18:27:49.915853 7f3bb44bb700             Options.avoid_flush_during_recovery: 0
2021/04/25-18:27:49.915854 7f3bb44bb700             Options.allow_ingest_behind: 0
2021/04/25-18:27:49.915855 7f3bb44bb700             Options.preserve_deletes: 0
2021/04/25-18:27:49.915856 7f3bb44bb700             Options.two_write_queues: 0
2021/04/25-18:27:49.915857 7f3bb44bb700             Options.manual_wal_flush: 0
2021/04/25-18:27:49.915858 7f3bb44bb700             Options.atomic_flush: 0
2021/04/25-18:27:49.915859 7f3bb44bb700             Options.avoid_unnecessary_blocking_io: 0
2021/04/25-18:27:49.915860 7f3bb44bb700                 Options.persist_stats_to_disk: 0
2021/04/25-18:27:49.915861 7f3bb44bb700                 Options.write_dbid_to_manifest: 0
2021/04/25-18:27:49.915862 7f3bb44bb700                 Options.log_readahead_size: 0
2021/04/25-18:27:49.915863 7f3bb44bb700                 Options.file_checksum_gen_factory: Unknown
2021/04/25-18:27:49.915864 7f3bb44bb700                 Options.best_efforts_recovery: 0
2021/04/25-18:27:49.915865 7f3bb44bb700                Options.max_bgerror_resume_count: 2147483647
2021/04/25-18:27:49.915866 7f3bb44bb700            Options.bgerror_resume_retry_interval: 1000000
2021/04/25-18:27:49.915867 7f3bb44bb700             Options.allow_data_in_errors: 0
2021/04/25-18:27:49.915868 7f3bb44bb700             Options.db_host_id: __hostname__
2021/04/25-18:27:49.915869 7f3bb44bb700             Options.max_background_jobs: 2
2021/04/25-18:27:49.915870 7f3bb44bb700             Options.max_background_compactions: -1
2021/04/25-18:27:49.915871 7f3bb44bb700             Options.max_subcompactions: 1
2021/04/25-18:27:49.915872 7f3bb44bb700             Options.avoid_flush_during_shutdown: 0
2021/04/25-18:27:49.915874 7f3bb44bb700           Options.writable_file_max_buffer_size: 1048576
2021/04/25-18:27:49.915875 7f3bb44bb700             Options.delayed_write_rate : 16777216
2021/04/25-18:27:49.915876 7f3bb44bb700             Options.max_total_wal_size: 0
2021/04/25-18:27:49.915877 7f3bb44bb700             Options.delete_obsolete_files_period_micros: 21600000000
2021/04/25-18:27:49.915878 7f3bb44bb700                   Options.stats_dump_period_sec: 600
2021/04/25-18:27:49.915879 7f3bb44bb700                 Options.stats_persist_period_sec: 600
2021/04/25-18:27:49.915880 7f3bb44bb700                 Options.stats_history_buffer_size: 1048576
2021/04/25-18:27:49.915881 7f3bb44bb700                          Options.max_open_files: -1
2021/04/25-18:27:49.915882 7f3bb44bb700                          Options.bytes_per_sync: 0
2021/04/25-18:27:49.915883 7f3bb44bb700                      Options.wal_bytes_per_sync: 0
2021/04/25-18:27:49.915884 7f3bb44bb700                   Options.strict_bytes_per_sync: 0
2021/04/25-18:27:49.915885 7f3bb44bb700       Options.compaction_readahead_size: 0
2021/04/25-18:27:49.915886 7f3bb44bb700                  Options.max_background_flushes: -1
2021/04/25-18:27:49.915887 7f3bb44bb700 Compression algorithms supported:
2021/04/25-18:27:49.915894 7f3bb44bb700 	kZSTDNotFinalCompression supported: 1
2021/04/25-18:27:49.915895 7f3bb44bb700 	kZSTD supported: 1
2021/04/25-18:27:49.915897 7f3bb44bb700 	kXpressCompression supported: 0
2021/04/25-18:27:49.915899 7f3bb44bb700 	kLZ4HCCompression supported: 1
2021/04/25-18:27:49.915901 7f3bb44bb700 	kLZ4Compression supported: 1
2021/04/25-18:27:49.915903 7f3bb44bb700 	kBZip2Compression supported: 1
2021/04/25-18:27:49.915905 7f3bb44bb700 	kZlibCompression supported: 1
2021/04/25-18:27:49.915907 7f3bb44bb700 	kSnappyCompression supported: 1
2021/04/25-18:27:49.915910 7f3bb44bb700 Fast CRC32 supported: Not supported on x86
2021/04/25-18:27:49.915966 7f3bb44bb700 [/version_set.cc:4725] Recovering from manifest file: ./db/6/MANIFEST-002549
2021/04/25-18:27:49.916083 7f3bb44bb700 [/column_family.cc:597] --------------- Options for column family [default]:
2021/04/25-18:27:49.916086 7f3bb44bb700               Options.comparator: leveldb.BytewiseComparator
2021/04/25-18:27:49.916087 7f3bb44bb700           Options.merge_operator: None
2021/04/25-18:27:49.916088 7f3bb44bb700        Options.compaction_filter: None
2021/04/25-18:27:49.916090 7f3bb44bb700        Options.compaction_filter_factory: None
2021/04/25-18:27:49.916092 7f3bb44bb700  Options.sst_partitioner_factory: None
2021/04/25-18:27:49.916094 7f3bb44bb700         Options.memtable_factory: SkipListFactory
2021/04/25-18:27:49.916096 7f3bb44bb700            Options.table_factory: BlockBasedTable
2021/04/25-18:27:49.916123 7f3bb44bb700            table_factory options:   flush_block_policy_factory: FlushBlockBySizePolicyFactory (0x7f3bb0265910)
>>>>>>> 47ad8fea29801cd25ff7f81060bb8013ea2a3793
  cache_index_and_filter_blocks: 0
  cache_index_and_filter_blocks_with_high_priority: 1
  pin_l0_filter_and_index_blocks_in_cache: 0
  pin_top_level_index_and_filter: 1
  index_type: 0
  data_block_index_type: 0
  index_shortening: 1
  data_block_hash_table_util_ratio: 0,750000
  hash_index_allow_collision: 1
  checksum: 1
  no_block_cache: 0
<<<<<<< HEAD
  block_cache: 0x7f5b743e7740
=======
  block_cache: 0x7f3bb02537d0
>>>>>>> 47ad8fea29801cd25ff7f81060bb8013ea2a3793
  block_cache_name: LRUCache
  block_cache_options:
    capacity : 8388608
    num_shard_bits : 4
    strict_capacity_limit : 0
    memory_allocator : None
    high_pri_pool_ratio: 0,000
  block_cache_compressed: (nil)
  persistent_cache: (nil)
  block_size: 4096
  block_size_deviation: 10
  block_restart_interval: 16
  index_block_restart_interval: 1
  metadata_block_size: 4096
  partition_filters: 0
  use_delta_encoding: 1
  filter_policy: nullptr
  whole_key_filtering: 1
  verify_compression: 0
  read_amp_bytes_per_bit: 0
  format_version: 4
  enable_index_compression: 1
  block_align: 0
<<<<<<< HEAD
2021/04/25-19:06:47.242764 7f5b7963d640        Options.write_buffer_size: 67108864
2021/04/25-19:06:47.242766 7f5b7963d640  Options.max_write_buffer_number: 2
2021/04/25-19:06:47.242768 7f5b7963d640          Options.compression: Snappy
2021/04/25-19:06:47.242769 7f5b7963d640                  Options.bottommost_compression: Disabled
2021/04/25-19:06:47.242770 7f5b7963d640       Options.prefix_extractor: nullptr
2021/04/25-19:06:47.242772 7f5b7963d640   Options.memtable_insert_with_hint_prefix_extractor: nullptr
2021/04/25-19:06:47.242773 7f5b7963d640             Options.num_levels: 7
2021/04/25-19:06:47.242774 7f5b7963d640        Options.min_write_buffer_number_to_merge: 1
2021/04/25-19:06:47.242776 7f5b7963d640     Options.max_write_buffer_number_to_maintain: 0
2021/04/25-19:06:47.242777 7f5b7963d640     Options.max_write_buffer_size_to_maintain: 0
2021/04/25-19:06:47.242778 7f5b7963d640            Options.bottommost_compression_opts.window_bits: -14
2021/04/25-19:06:47.242780 7f5b7963d640                  Options.bottommost_compression_opts.level: 32767
2021/04/25-19:06:47.242781 7f5b7963d640               Options.bottommost_compression_opts.strategy: 0
2021/04/25-19:06:47.242782 7f5b7963d640         Options.bottommost_compression_opts.max_dict_bytes: 0
2021/04/25-19:06:47.242784 7f5b7963d640         Options.bottommost_compression_opts.zstd_max_train_bytes: 0
2021/04/25-19:06:47.242785 7f5b7963d640         Options.bottommost_compression_opts.parallel_threads: 1
2021/04/25-19:06:47.242801 7f5b7963d640                  Options.bottommost_compression_opts.enabled: false
2021/04/25-19:06:47.242802 7f5b7963d640            Options.compression_opts.window_bits: -14
2021/04/25-19:06:47.242804 7f5b7963d640                  Options.compression_opts.level: 32767
2021/04/25-19:06:47.242805 7f5b7963d640               Options.compression_opts.strategy: 0
2021/04/25-19:06:47.242806 7f5b7963d640         Options.compression_opts.max_dict_bytes: 0
2021/04/25-19:06:47.242808 7f5b7963d640         Options.compression_opts.zstd_max_train_bytes: 0
2021/04/25-19:06:47.242809 7f5b7963d640         Options.compression_opts.parallel_threads: 1
2021/04/25-19:06:47.242810 7f5b7963d640                  Options.compression_opts.enabled: false
2021/04/25-19:06:47.242812 7f5b7963d640      Options.level0_file_num_compaction_trigger: 4
2021/04/25-19:06:47.242813 7f5b7963d640          Options.level0_slowdown_writes_trigger: 20
2021/04/25-19:06:47.242814 7f5b7963d640              Options.level0_stop_writes_trigger: 36
2021/04/25-19:06:47.242816 7f5b7963d640                   Options.target_file_size_base: 67108864
2021/04/25-19:06:47.242817 7f5b7963d640             Options.target_file_size_multiplier: 1
2021/04/25-19:06:47.242819 7f5b7963d640                Options.max_bytes_for_level_base: 268435456
2021/04/25-19:06:47.242822 7f5b7963d640 Options.level_compaction_dynamic_level_bytes: 0
2021/04/25-19:06:47.242824 7f5b7963d640          Options.max_bytes_for_level_multiplier: 10,000000
2021/04/25-19:06:47.242828 7f5b7963d640 Options.max_bytes_for_level_multiplier_addtl[0]: 1
2021/04/25-19:06:47.242831 7f5b7963d640 Options.max_bytes_for_level_multiplier_addtl[1]: 1
2021/04/25-19:06:47.242833 7f5b7963d640 Options.max_bytes_for_level_multiplier_addtl[2]: 1
2021/04/25-19:06:47.242836 7f5b7963d640 Options.max_bytes_for_level_multiplier_addtl[3]: 1
2021/04/25-19:06:47.242838 7f5b7963d640 Options.max_bytes_for_level_multiplier_addtl[4]: 1
2021/04/25-19:06:47.242841 7f5b7963d640 Options.max_bytes_for_level_multiplier_addtl[5]: 1
2021/04/25-19:06:47.242843 7f5b7963d640 Options.max_bytes_for_level_multiplier_addtl[6]: 1
2021/04/25-19:06:47.242845 7f5b7963d640       Options.max_sequential_skip_in_iterations: 8
2021/04/25-19:06:47.242847 7f5b7963d640                    Options.max_compaction_bytes: 1677721600
2021/04/25-19:06:47.242848 7f5b7963d640                        Options.arena_block_size: 8388608
2021/04/25-19:06:47.242849 7f5b7963d640   Options.soft_pending_compaction_bytes_limit: 68719476736
2021/04/25-19:06:47.242851 7f5b7963d640   Options.hard_pending_compaction_bytes_limit: 274877906944
2021/04/25-19:06:47.242852 7f5b7963d640       Options.rate_limit_delay_max_milliseconds: 100
2021/04/25-19:06:47.242853 7f5b7963d640                Options.disable_auto_compactions: 0
2021/04/25-19:06:47.242855 7f5b7963d640                        Options.compaction_style: kCompactionStyleLevel
2021/04/25-19:06:47.242857 7f5b7963d640                          Options.compaction_pri: kMinOverlappingRatio
2021/04/25-19:06:47.242858 7f5b7963d640 Options.compaction_options_universal.size_ratio: 1
2021/04/25-19:06:47.242859 7f5b7963d640 Options.compaction_options_universal.min_merge_width: 2
2021/04/25-19:06:47.242861 7f5b7963d640 Options.compaction_options_universal.max_merge_width: 4294967295
2021/04/25-19:06:47.242862 7f5b7963d640 Options.compaction_options_universal.max_size_amplification_percent: 200
2021/04/25-19:06:47.242863 7f5b7963d640 Options.compaction_options_universal.compression_size_percent: -1
2021/04/25-19:06:47.242865 7f5b7963d640 Options.compaction_options_universal.stop_style: kCompactionStopStyleTotalSize
2021/04/25-19:06:47.242866 7f5b7963d640 Options.compaction_options_fifo.max_table_files_size: 1073741824
2021/04/25-19:06:47.242868 7f5b7963d640 Options.compaction_options_fifo.allow_compaction: 0
2021/04/25-19:06:47.242871 7f5b7963d640                   Options.table_properties_collectors: 
2021/04/25-19:06:47.242873 7f5b7963d640                   Options.inplace_update_support: 0
2021/04/25-19:06:47.242884 7f5b7963d640                 Options.inplace_update_num_locks: 10000
2021/04/25-19:06:47.242886 7f5b7963d640               Options.memtable_prefix_bloom_size_ratio: 0,000000
2021/04/25-19:06:47.242888 7f5b7963d640               Options.memtable_whole_key_filtering: 0
2021/04/25-19:06:47.242889 7f5b7963d640   Options.memtable_huge_page_size: 0
2021/04/25-19:06:47.242890 7f5b7963d640                           Options.bloom_locality: 0
2021/04/25-19:06:47.242892 7f5b7963d640                    Options.max_successive_merges: 0
2021/04/25-19:06:47.242893 7f5b7963d640                Options.optimize_filters_for_hits: 0
2021/04/25-19:06:47.242894 7f5b7963d640                Options.paranoid_file_checks: 0
2021/04/25-19:06:47.242895 7f5b7963d640                Options.force_consistency_checks: 1
2021/04/25-19:06:47.242897 7f5b7963d640                Options.report_bg_io_stats: 0
2021/04/25-19:06:47.242898 7f5b7963d640                               Options.ttl: 2592000
2021/04/25-19:06:47.242899 7f5b7963d640          Options.periodic_compaction_seconds: 0
2021/04/25-19:06:47.242901 7f5b7963d640                    Options.enable_blob_files: false
2021/04/25-19:06:47.242902 7f5b7963d640                        Options.min_blob_size: 0
2021/04/25-19:06:47.242903 7f5b7963d640                       Options.blob_file_size: 268435456
2021/04/25-19:06:47.242905 7f5b7963d640                Options.blob_compression_type: NoCompression
2021/04/25-19:06:47.242907 7f5b7963d640       Options.enable_blob_garbage_collection: false
2021/04/25-19:06:47.242908 7f5b7963d640   Options.blob_garbage_collection_age_cutoff: 0,250000
2021/04/25-19:06:47.243452 7f5b7963d640 [/version_set.cc:4773] Recovered from manifest file:./db/6/MANIFEST-000024 succeeded,manifest_file_number is 24, next_file_number is 26, last_sequence is 71486, log_number is 21,prev_log_number is 0,max_column_family is 0,min_log_number_to_keep is 0
2021/04/25-19:06:47.243458 7f5b7963d640 [/version_set.cc:4782] Column family [default] (ID 0), log number is 21
2021/04/25-19:06:47.243529 7f5b7963d640 [/version_set.cc:4083] Creating manifest 28
2021/04/25-19:06:47.256573 7f5b7963d640 EVENT_LOG_v1 {"time_micros": 1619352407256564, "job": 1, "event": "recovery_started", "wal_files": [25]}
2021/04/25-19:06:47.256591 7f5b7963d640 [/db_impl/db_impl_open.cc:847] Recovering log #25 mode 2
2021/04/25-19:06:47.256666 7f5b7963d640 [/version_set.cc:4083] Creating manifest 29
2021/04/25-19:06:47.270554 7f5b7963d640 EVENT_LOG_v1 {"time_micros": 1619352407270547, "job": 1, "event": "recovery_finished"}
2021/04/25-19:06:47.271047 7f5b7963d640 [le/delete_scheduler.cc:73] Deleted file ./db/6/000025.log immediately, rate_bytes_per_sec 0, total_trash_size 0 max_trash_db_ratio 0,250000
2021/04/25-19:06:47.281873 7f5b7963d640 [/db_impl/db_impl_open.cc:1701] SstFileManager instance 0x7f5b746050d0
2021/04/25-19:06:47.281979 7f5b7963d640 DB pointer 0x7f5b746034f0
=======
2021/04/25-18:27:49.916126 7f3bb44bb700        Options.write_buffer_size: 67108864
2021/04/25-18:27:49.916127 7f3bb44bb700  Options.max_write_buffer_number: 2
2021/04/25-18:27:49.916129 7f3bb44bb700          Options.compression: Snappy
2021/04/25-18:27:49.916130 7f3bb44bb700                  Options.bottommost_compression: Disabled
2021/04/25-18:27:49.916131 7f3bb44bb700       Options.prefix_extractor: nullptr
2021/04/25-18:27:49.916132 7f3bb44bb700   Options.memtable_insert_with_hint_prefix_extractor: nullptr
2021/04/25-18:27:49.916133 7f3bb44bb700             Options.num_levels: 7
2021/04/25-18:27:49.916135 7f3bb44bb700        Options.min_write_buffer_number_to_merge: 1
2021/04/25-18:27:49.916136 7f3bb44bb700     Options.max_write_buffer_number_to_maintain: 0
2021/04/25-18:27:49.916137 7f3bb44bb700     Options.max_write_buffer_size_to_maintain: 0
2021/04/25-18:27:49.916138 7f3bb44bb700            Options.bottommost_compression_opts.window_bits: -14
2021/04/25-18:27:49.916139 7f3bb44bb700                  Options.bottommost_compression_opts.level: 32767
2021/04/25-18:27:49.916140 7f3bb44bb700               Options.bottommost_compression_opts.strategy: 0
2021/04/25-18:27:49.916141 7f3bb44bb700         Options.bottommost_compression_opts.max_dict_bytes: 0
2021/04/25-18:27:49.916142 7f3bb44bb700         Options.bottommost_compression_opts.zstd_max_train_bytes: 0
2021/04/25-18:27:49.916143 7f3bb44bb700         Options.bottommost_compression_opts.parallel_threads: 1
2021/04/25-18:27:49.916155 7f3bb44bb700                  Options.bottommost_compression_opts.enabled: false
2021/04/25-18:27:49.916157 7f3bb44bb700            Options.compression_opts.window_bits: -14
2021/04/25-18:27:49.916158 7f3bb44bb700                  Options.compression_opts.level: 32767
2021/04/25-18:27:49.916159 7f3bb44bb700               Options.compression_opts.strategy: 0
2021/04/25-18:27:49.916160 7f3bb44bb700         Options.compression_opts.max_dict_bytes: 0
2021/04/25-18:27:49.916161 7f3bb44bb700         Options.compression_opts.zstd_max_train_bytes: 0
2021/04/25-18:27:49.916162 7f3bb44bb700         Options.compression_opts.parallel_threads: 1
2021/04/25-18:27:49.916163 7f3bb44bb700                  Options.compression_opts.enabled: false
2021/04/25-18:27:49.916164 7f3bb44bb700      Options.level0_file_num_compaction_trigger: 4
2021/04/25-18:27:49.916165 7f3bb44bb700          Options.level0_slowdown_writes_trigger: 20
2021/04/25-18:27:49.916166 7f3bb44bb700              Options.level0_stop_writes_trigger: 36
2021/04/25-18:27:49.916167 7f3bb44bb700                   Options.target_file_size_base: 67108864
2021/04/25-18:27:49.916168 7f3bb44bb700             Options.target_file_size_multiplier: 1
2021/04/25-18:27:49.916170 7f3bb44bb700                Options.max_bytes_for_level_base: 268435456
2021/04/25-18:27:49.916171 7f3bb44bb700 Options.level_compaction_dynamic_level_bytes: 0
2021/04/25-18:27:49.916172 7f3bb44bb700          Options.max_bytes_for_level_multiplier: 10.000000
2021/04/25-18:27:49.916174 7f3bb44bb700 Options.max_bytes_for_level_multiplier_addtl[0]: 1
2021/04/25-18:27:49.916175 7f3bb44bb700 Options.max_bytes_for_level_multiplier_addtl[1]: 1
2021/04/25-18:27:49.916176 7f3bb44bb700 Options.max_bytes_for_level_multiplier_addtl[2]: 1
2021/04/25-18:27:49.916177 7f3bb44bb700 Options.max_bytes_for_level_multiplier_addtl[3]: 1
2021/04/25-18:27:49.916178 7f3bb44bb700 Options.max_bytes_for_level_multiplier_addtl[4]: 1
2021/04/25-18:27:49.916179 7f3bb44bb700 Options.max_bytes_for_level_multiplier_addtl[5]: 1
2021/04/25-18:27:49.916180 7f3bb44bb700 Options.max_bytes_for_level_multiplier_addtl[6]: 1
2021/04/25-18:27:49.916181 7f3bb44bb700       Options.max_sequential_skip_in_iterations: 8
2021/04/25-18:27:49.916183 7f3bb44bb700                    Options.max_compaction_bytes: 1677721600
2021/04/25-18:27:49.916184 7f3bb44bb700                        Options.arena_block_size: 8388608
2021/04/25-18:27:49.916185 7f3bb44bb700   Options.soft_pending_compaction_bytes_limit: 68719476736
2021/04/25-18:27:49.916186 7f3bb44bb700   Options.hard_pending_compaction_bytes_limit: 274877906944
2021/04/25-18:27:49.916187 7f3bb44bb700       Options.rate_limit_delay_max_milliseconds: 100
2021/04/25-18:27:49.916188 7f3bb44bb700                Options.disable_auto_compactions: 0
2021/04/25-18:27:49.916189 7f3bb44bb700                        Options.compaction_style: kCompactionStyleLevel
2021/04/25-18:27:49.916191 7f3bb44bb700                          Options.compaction_pri: kMinOverlappingRatio
2021/04/25-18:27:49.916192 7f3bb44bb700 Options.compaction_options_universal.size_ratio: 1
2021/04/25-18:27:49.916193 7f3bb44bb700 Options.compaction_options_universal.min_merge_width: 2
2021/04/25-18:27:49.916194 7f3bb44bb700 Options.compaction_options_universal.max_merge_width: 4294967295
2021/04/25-18:27:49.916195 7f3bb44bb700 Options.compaction_options_universal.max_size_amplification_percent: 200
2021/04/25-18:27:49.916196 7f3bb44bb700 Options.compaction_options_universal.compression_size_percent: -1
2021/04/25-18:27:49.916197 7f3bb44bb700 Options.compaction_options_universal.stop_style: kCompactionStopStyleTotalSize
2021/04/25-18:27:49.916198 7f3bb44bb700 Options.compaction_options_fifo.max_table_files_size: 1073741824
2021/04/25-18:27:49.916199 7f3bb44bb700 Options.compaction_options_fifo.allow_compaction: 0
2021/04/25-18:27:49.916203 7f3bb44bb700                   Options.table_properties_collectors: 
2021/04/25-18:27:49.916204 7f3bb44bb700                   Options.inplace_update_support: 0
2021/04/25-18:27:49.916210 7f3bb44bb700                 Options.inplace_update_num_locks: 10000
2021/04/25-18:27:49.916212 7f3bb44bb700               Options.memtable_prefix_bloom_size_ratio: 0.000000
2021/04/25-18:27:49.916213 7f3bb44bb700               Options.memtable_whole_key_filtering: 0
2021/04/25-18:27:49.916214 7f3bb44bb700   Options.memtable_huge_page_size: 0
2021/04/25-18:27:49.916215 7f3bb44bb700                           Options.bloom_locality: 0
2021/04/25-18:27:49.916216 7f3bb44bb700                    Options.max_successive_merges: 0
2021/04/25-18:27:49.916217 7f3bb44bb700                Options.optimize_filters_for_hits: 0
2021/04/25-18:27:49.916218 7f3bb44bb700                Options.paranoid_file_checks: 0
2021/04/25-18:27:49.916219 7f3bb44bb700                Options.force_consistency_checks: 1
2021/04/25-18:27:49.916220 7f3bb44bb700                Options.report_bg_io_stats: 0
2021/04/25-18:27:49.916221 7f3bb44bb700                               Options.ttl: 2592000
2021/04/25-18:27:49.916222 7f3bb44bb700          Options.periodic_compaction_seconds: 0
2021/04/25-18:27:49.916223 7f3bb44bb700                    Options.enable_blob_files: false
2021/04/25-18:27:49.916224 7f3bb44bb700                        Options.min_blob_size: 0
2021/04/25-18:27:49.916225 7f3bb44bb700                       Options.blob_file_size: 268435456
2021/04/25-18:27:49.916227 7f3bb44bb700                Options.blob_compression_type: NoCompression
2021/04/25-18:27:49.916228 7f3bb44bb700       Options.enable_blob_garbage_collection: false
2021/04/25-18:27:49.916229 7f3bb44bb700   Options.blob_garbage_collection_age_cutoff: 0.250000
2021/04/25-18:27:49.917261 7f3bb44bb700 [/version_set.cc:4773] Recovered from manifest file:./db/6/MANIFEST-002549 succeeded,manifest_file_number is 2549, next_file_number is 2551, last_sequence is 5124870, log_number is 2546,prev_log_number is 0,max_column_family is 0,min_log_number_to_keep is 0
2021/04/25-18:27:49.917267 7f3bb44bb700 [/version_set.cc:4782] Column family [default] (ID 0), log number is 2546
2021/04/25-18:27:49.917325 7f3bb44bb700 [/version_set.cc:4083] Creating manifest 2553
2021/04/25-18:27:49.930912 7f3bb44bb700 EVENT_LOG_v1 {"time_micros": 1619346469930894, "job": 1, "event": "recovery_started", "wal_files": [2550]}
2021/04/25-18:27:49.931089 7f3bb44bb700 [/db_impl/db_impl_open.cc:847] Recovering log #2550 mode 2
2021/04/25-18:27:49.931186 7f3bb44bb700 [/version_set.cc:4083] Creating manifest 2554
2021/04/25-18:27:49.944233 7f3bb44bb700 EVENT_LOG_v1 {"time_micros": 1619346469944225, "job": 1, "event": "recovery_finished"}
2021/04/25-18:27:49.944764 7f3bb44bb700 [le/delete_scheduler.cc:73] Deleted file ./db/6/002550.log immediately, rate_bytes_per_sec 0, total_trash_size 0 max_trash_db_ratio 0.250000
2021/04/25-18:27:49.953269 7f3bb44bb700 [/db_impl/db_impl_open.cc:1701] SstFileManager instance 0x7f3bb03ac930
2021/04/25-18:27:49.953320 7f3bb44bb700 DB pointer 0x7f3bb046e8d0
>>>>>>> 47ad8fea29801cd25ff7f81060bb8013ea2a3793
