2021/04/25-19:06:47.205021 7f5b7963d640 RocksDB version: 6.15.5
2021/04/25-19:06:47.205063 7f5b7963d640 Git sha rocksdb_build_git_sha:
2021/04/25-19:06:47.205066 7f5b7963d640 Compile date Mar 13 2021
2021/04/25-19:06:47.205132 7f5b7963d640 DB SUMMARY
2021/04/25-19:06:47.205134 7f5b7963d640 DB Session ID:  RVHJDVHYJZHPK1KNKE2J
2021/04/25-19:06:47.205167 7f5b7963d640 CURRENT file:  CURRENT
2021/04/25-19:06:47.205170 7f5b7963d640 IDENTITY file:  IDENTITY
2021/04/25-19:06:47.205174 7f5b7963d640 MANIFEST file:  MANIFEST-000024 size: 146 Bytes
2021/04/25-19:06:47.205176 7f5b7963d640 SST files in ./db/5 dir, Total Num: 1, files: 000008.sst 
2021/04/25-19:06:47.205178 7f5b7963d640 Write Ahead Log file in ./db/5: 000025.log size: 0 ; 
2021/04/25-19:06:47.205181 7f5b7963d640                         Options.error_if_exists: 0
2021/04/25-19:06:47.205182 7f5b7963d640                       Options.create_if_missing: 1
2021/04/25-19:06:47.205184 7f5b7963d640                         Options.paranoid_checks: 1
2021/04/25-19:06:47.205185 7f5b7963d640                               Options.track_and_verify_wals_in_manifest: 0
2021/04/25-19:06:47.205186 7f5b7963d640                                     Options.env: 0x7f5b2b7da400
2021/04/25-19:06:47.205188 7f5b7963d640                                      Options.fs: Posix File System
2021/04/25-19:06:47.205189 7f5b7963d640                                Options.info_log: 0x7f5b744f8500
2021/04/25-19:06:47.205191 7f5b7963d640                Options.max_file_opening_threads: 16
2021/04/25-19:06:47.205192 7f5b7963d640                              Options.statistics: (nil)
2021/04/25-19:06:47.205194 7f5b7963d640                               Options.use_fsync: 0
2021/04/25-19:06:47.205195 7f5b7963d640                       Options.max_log_file_size: 0
2021/04/25-19:06:47.205197 7f5b7963d640                  Options.max_manifest_file_size: 1073741824
2021/04/25-19:06:47.205198 7f5b7963d640                   Options.log_file_time_to_roll: 0
2021/04/25-19:06:47.205199 7f5b7963d640                       Options.keep_log_file_num: 1000
2021/04/25-19:06:47.205201 7f5b7963d640                    Options.recycle_log_file_num: 0
2021/04/25-19:06:47.205202 7f5b7963d640                         Options.allow_fallocate: 1
2021/04/25-19:06:47.205203 7f5b7963d640                        Options.allow_mmap_reads: 0
2021/04/25-19:06:47.205205 7f5b7963d640                       Options.allow_mmap_writes: 0
2021/04/25-19:06:47.205206 7f5b7963d640                        Options.use_direct_reads: 0
2021/04/25-19:06:47.205207 7f5b7963d640                        Options.use_direct_io_for_flush_and_compaction: 0
2021/04/25-19:06:47.205209 7f5b7963d640          Options.create_missing_column_families: 0
2021/04/25-19:06:47.205210 7f5b7963d640                              Options.db_log_dir: 
2021/04/25-19:06:47.205211 7f5b7963d640                                 Options.wal_dir: ./db/5
2021/04/25-19:06:47.205213 7f5b7963d640                Options.table_cache_numshardbits: 6
2021/04/25-19:06:47.205214 7f5b7963d640                         Options.WAL_ttl_seconds: 0
2021/04/25-19:06:47.205215 7f5b7963d640                       Options.WAL_size_limit_MB: 0
2021/04/25-19:06:47.205217 7f5b7963d640                        Options.max_write_batch_group_size_bytes: 1048576
2021/04/25-19:06:47.205219 7f5b7963d640             Options.manifest_preallocation_size: 4194304
2021/04/25-19:06:47.205222 7f5b7963d640                     Options.is_fd_close_on_exec: 1
2021/04/25-19:06:47.205224 7f5b7963d640                   Options.advise_random_on_open: 1
2021/04/25-19:06:47.205226 7f5b7963d640                    Options.db_write_buffer_size: 0
2021/04/25-19:06:47.205229 7f5b7963d640                    Options.write_buffer_manager: 0x7f5b74513ca0
2021/04/25-19:06:47.205231 7f5b7963d640         Options.access_hint_on_compaction_start: 1
2021/04/25-19:06:47.205234 7f5b7963d640  Options.new_table_reader_for_compaction_inputs: 0
2021/04/25-19:06:47.205236 7f5b7963d640           Options.random_access_max_buffer_size: 1048576
2021/04/25-19:06:47.205239 7f5b7963d640                      Options.use_adaptive_mutex: 0
2021/04/25-19:06:47.205256 7f5b7963d640                            Options.rate_limiter: (nil)
2021/04/25-19:06:47.205259 7f5b7963d640     Options.sst_file_manager.rate_bytes_per_sec: 0
2021/04/25-19:06:47.205260 7f5b7963d640                       Options.wal_recovery_mode: 2
2021/04/25-19:06:47.205262 7f5b7963d640                  Options.enable_thread_tracking: 0
2021/04/25-19:06:47.205263 7f5b7963d640                  Options.enable_pipelined_write: 0
2021/04/25-19:06:47.205264 7f5b7963d640                  Options.unordered_write: 0
2021/04/25-19:06:47.205265 7f5b7963d640         Options.allow_concurrent_memtable_write: 1
2021/04/25-19:06:47.205267 7f5b7963d640      Options.enable_write_thread_adaptive_yield: 1
2021/04/25-19:06:47.205268 7f5b7963d640             Options.write_thread_max_yield_usec: 100
2021/04/25-19:06:47.205270 7f5b7963d640            Options.write_thread_slow_yield_usec: 3
2021/04/25-19:06:47.205271 7f5b7963d640                               Options.row_cache: None
2021/04/25-19:06:47.205272 7f5b7963d640                              Options.wal_filter: None
2021/04/25-19:06:47.205274 7f5b7963d640             Options.avoid_flush_during_recovery: 0
2021/04/25-19:06:47.205275 7f5b7963d640             Options.allow_ingest_behind: 0
2021/04/25-19:06:47.205276 7f5b7963d640             Options.preserve_deletes: 0
2021/04/25-19:06:47.205277 7f5b7963d640             Options.two_write_queues: 0
2021/04/25-19:06:47.205279 7f5b7963d640             Options.manual_wal_flush: 0
2021/04/25-19:06:47.205280 7f5b7963d640             Options.atomic_flush: 0
2021/04/25-19:06:47.205281 7f5b7963d640             Options.avoid_unnecessary_blocking_io: 0
2021/04/25-19:06:47.205283 7f5b7963d640                 Options.persist_stats_to_disk: 0
2021/04/25-19:06:47.205284 7f5b7963d640                 Options.write_dbid_to_manifest: 0
2021/04/25-19:06:47.205285 7f5b7963d640                 Options.log_readahead_size: 0
2021/04/25-19:06:47.205287 7f5b7963d640                 Options.file_checksum_gen_factory: Unknown
2021/04/25-19:06:47.205288 7f5b7963d640                 Options.best_efforts_recovery: 0
2021/04/25-19:06:47.205289 7f5b7963d640                Options.max_bgerror_resume_count: 2147483647
2021/04/25-19:06:47.205290 7f5b7963d640            Options.bgerror_resume_retry_interval: 1000000
2021/04/25-19:06:47.205292 7f5b7963d640             Options.allow_data_in_errors: 0
2021/04/25-19:06:47.205293 7f5b7963d640             Options.db_host_id: __hostname__
2021/04/25-19:06:47.205295 7f5b7963d640             Options.max_background_jobs: 2
2021/04/25-19:06:47.205296 7f5b7963d640             Options.max_background_compactions: -1
2021/04/25-19:06:47.205297 7f5b7963d640             Options.max_subcompactions: 1
2021/04/25-19:06:47.205299 7f5b7963d640             Options.avoid_flush_during_shutdown: 0
2021/04/25-19:06:47.205300 7f5b7963d640           Options.writable_file_max_buffer_size: 1048576
2021/04/25-19:06:47.205301 7f5b7963d640             Options.delayed_write_rate : 16777216
2021/04/25-19:06:47.205303 7f5b7963d640             Options.max_total_wal_size: 0
2021/04/25-19:06:47.205304 7f5b7963d640             Options.delete_obsolete_files_period_micros: 21600000000
2021/04/25-19:06:47.205305 7f5b7963d640                   Options.stats_dump_period_sec: 600
2021/04/25-19:06:47.205307 7f5b7963d640                 Options.stats_persist_period_sec: 600
2021/04/25-19:06:47.205308 7f5b7963d640                 Options.stats_history_buffer_size: 1048576
2021/04/25-19:06:47.205309 7f5b7963d640                          Options.max_open_files: -1
2021/04/25-19:06:47.205311 7f5b7963d640                          Options.bytes_per_sync: 0
2021/04/25-19:06:47.205312 7f5b7963d640                      Options.wal_bytes_per_sync: 0
2021/04/25-19:06:47.205313 7f5b7963d640                   Options.strict_bytes_per_sync: 0
2021/04/25-19:06:47.205314 7f5b7963d640       Options.compaction_readahead_size: 0
2021/04/25-19:06:47.205316 7f5b7963d640                  Options.max_background_flushes: -1
2021/04/25-19:06:47.205317 7f5b7963d640 Compression algorithms supported:
2021/04/25-19:06:47.205326 7f5b7963d640 	kZSTDNotFinalCompression supported: 1
2021/04/25-19:06:47.205328 7f5b7963d640 	kZSTD supported: 1
2021/04/25-19:06:47.205329 7f5b7963d640 	kXpressCompression supported: 0
2021/04/25-19:06:47.205331 7f5b7963d640 	kLZ4HCCompression supported: 1
2021/04/25-19:06:47.205332 7f5b7963d640 	kLZ4Compression supported: 1
2021/04/25-19:06:47.205334 7f5b7963d640 	kBZip2Compression supported: 1
2021/04/25-19:06:47.205335 7f5b7963d640 	kZlibCompression supported: 1
2021/04/25-19:06:47.205336 7f5b7963d640 	kSnappyCompression supported: 1
2021/04/25-19:06:47.205339 7f5b7963d640 Fast CRC32 supported: Not supported on x86
2021/04/25-19:06:47.205396 7f5b7963d640 [/version_set.cc:4725] Recovering from manifest file: ./db/5/MANIFEST-000024
2021/04/25-19:06:47.205494 7f5b7963d640 [/column_family.cc:597] --------------- Options for column family [default]:
2021/04/25-19:06:47.205497 7f5b7963d640               Options.comparator: leveldb.BytewiseComparator
2021/04/25-19:06:47.205499 7f5b7963d640           Options.merge_operator: None
2021/04/25-19:06:47.205500 7f5b7963d640        Options.compaction_filter: None
2021/04/25-19:06:47.205502 7f5b7963d640        Options.compaction_filter_factory: None
2021/04/25-19:06:47.205503 7f5b7963d640  Options.sst_partitioner_factory: None
2021/04/25-19:06:47.205505 7f5b7963d640         Options.memtable_factory: SkipListFactory
2021/04/25-19:06:47.205506 7f5b7963d640            Options.table_factory: BlockBasedTable
2021/04/25-19:06:47.205531 7f5b7963d640            table_factory options:   flush_block_policy_factory: FlushBlockBySizePolicyFactory (0x7f5b743fa070)
  cache_index_and_filter_blocks: 0
  cache_index_and_filter_blocks_with_high_priority: 1
  pin_l0_filter_and_index_blocks_in_cache: 0
  pin_top_level_index_and_filter: 1
  index_type: 0
  data_block_index_type: 0
  index_shortening: 1
  data_block_hash_table_util_ratio: 0,750000
  hash_index_allow_collision: 1
  checksum: 1
  no_block_cache: 0
  block_cache: 0x7f5b743e7740
  block_cache_name: LRUCache
  block_cache_options:
    capacity : 8388608
    num_shard_bits : 4
    strict_capacity_limit : 0
    memory_allocator : None
    high_pri_pool_ratio: 0,000
  block_cache_compressed: (nil)
  persistent_cache: (nil)
  block_size: 4096
  block_size_deviation: 10
  block_restart_interval: 16
  index_block_restart_interval: 1
  metadata_block_size: 4096
  partition_filters: 0
  use_delta_encoding: 1
  filter_policy: nullptr
  whole_key_filtering: 1
  verify_compression: 0
  read_amp_bytes_per_bit: 0
  format_version: 4
  enable_index_compression: 1
  block_align: 0
2021/04/25-19:06:47.205533 7f5b7963d640        Options.write_buffer_size: 67108864
2021/04/25-19:06:47.205534 7f5b7963d640  Options.max_write_buffer_number: 2
2021/04/25-19:06:47.205536 7f5b7963d640          Options.compression: Snappy
2021/04/25-19:06:47.205537 7f5b7963d640                  Options.bottommost_compression: Disabled
2021/04/25-19:06:47.205539 7f5b7963d640       Options.prefix_extractor: nullptr
2021/04/25-19:06:47.205540 7f5b7963d640   Options.memtable_insert_with_hint_prefix_extractor: nullptr
2021/04/25-19:06:47.205541 7f5b7963d640             Options.num_levels: 7
2021/04/25-19:06:47.205543 7f5b7963d640        Options.min_write_buffer_number_to_merge: 1
2021/04/25-19:06:47.205544 7f5b7963d640     Options.max_write_buffer_number_to_maintain: 0
2021/04/25-19:06:47.205545 7f5b7963d640     Options.max_write_buffer_size_to_maintain: 0
2021/04/25-19:06:47.205547 7f5b7963d640            Options.bottommost_compression_opts.window_bits: -14
2021/04/25-19:06:47.205548 7f5b7963d640                  Options.bottommost_compression_opts.level: 32767
2021/04/25-19:06:47.205549 7f5b7963d640               Options.bottommost_compression_opts.strategy: 0
2021/04/25-19:06:47.205551 7f5b7963d640         Options.bottommost_compression_opts.max_dict_bytes: 0
2021/04/25-19:06:47.205552 7f5b7963d640         Options.bottommost_compression_opts.zstd_max_train_bytes: 0
2021/04/25-19:06:47.205553 7f5b7963d640         Options.bottommost_compression_opts.parallel_threads: 1
2021/04/25-19:06:47.205566 7f5b7963d640                  Options.bottommost_compression_opts.enabled: false
2021/04/25-19:06:47.205568 7f5b7963d640            Options.compression_opts.window_bits: -14
2021/04/25-19:06:47.205569 7f5b7963d640                  Options.compression_opts.level: 32767
2021/04/25-19:06:47.205571 7f5b7963d640               Options.compression_opts.strategy: 0
2021/04/25-19:06:47.205572 7f5b7963d640         Options.compression_opts.max_dict_bytes: 0
2021/04/25-19:06:47.205573 7f5b7963d640         Options.compression_opts.zstd_max_train_bytes: 0
2021/04/25-19:06:47.205575 7f5b7963d640         Options.compression_opts.parallel_threads: 1
2021/04/25-19:06:47.205576 7f5b7963d640                  Options.compression_opts.enabled: false
2021/04/25-19:06:47.205577 7f5b7963d640      Options.level0_file_num_compaction_trigger: 4
2021/04/25-19:06:47.205579 7f5b7963d640          Options.level0_slowdown_writes_trigger: 20
2021/04/25-19:06:47.205580 7f5b7963d640              Options.level0_stop_writes_trigger: 36
2021/04/25-19:06:47.205581 7f5b7963d640                   Options.target_file_size_base: 67108864
2021/04/25-19:06:47.205583 7f5b7963d640             Options.target_file_size_multiplier: 1
2021/04/25-19:06:47.205584 7f5b7963d640                Options.max_bytes_for_level_base: 268435456
2021/04/25-19:06:47.205585 7f5b7963d640 Options.level_compaction_dynamic_level_bytes: 0
2021/04/25-19:06:47.205587 7f5b7963d640          Options.max_bytes_for_level_multiplier: 10,000000
2021/04/25-19:06:47.205589 7f5b7963d640 Options.max_bytes_for_level_multiplier_addtl[0]: 1
2021/04/25-19:06:47.205591 7f5b7963d640 Options.max_bytes_for_level_multiplier_addtl[1]: 1
2021/04/25-19:06:47.205592 7f5b7963d640 Options.max_bytes_for_level_multiplier_addtl[2]: 1
2021/04/25-19:06:47.205593 7f5b7963d640 Options.max_bytes_for_level_multiplier_addtl[3]: 1
2021/04/25-19:06:47.205595 7f5b7963d640 Options.max_bytes_for_level_multiplier_addtl[4]: 1
2021/04/25-19:06:47.205596 7f5b7963d640 Options.max_bytes_for_level_multiplier_addtl[5]: 1
2021/04/25-19:06:47.205597 7f5b7963d640 Options.max_bytes_for_level_multiplier_addtl[6]: 1
2021/04/25-19:06:47.205599 7f5b7963d640       Options.max_sequential_skip_in_iterations: 8
2021/04/25-19:06:47.205600 7f5b7963d640                    Options.max_compaction_bytes: 1677721600
2021/04/25-19:06:47.205601 7f5b7963d640                        Options.arena_block_size: 8388608
2021/04/25-19:06:47.205603 7f5b7963d640   Options.soft_pending_compaction_bytes_limit: 68719476736
2021/04/25-19:06:47.205604 7f5b7963d640   Options.hard_pending_compaction_bytes_limit: 274877906944
2021/04/25-19:06:47.205605 7f5b7963d640       Options.rate_limit_delay_max_milliseconds: 100
2021/04/25-19:06:47.205607 7f5b7963d640                Options.disable_auto_compactions: 0
2021/04/25-19:06:47.205608 7f5b7963d640                        Options.compaction_style: kCompactionStyleLevel
2021/04/25-19:06:47.205610 7f5b7963d640                          Options.compaction_pri: kMinOverlappingRatio
2021/04/25-19:06:47.205611 7f5b7963d640 Options.compaction_options_universal.size_ratio: 1
2021/04/25-19:06:47.205613 7f5b7963d640 Options.compaction_options_universal.min_merge_width: 2
2021/04/25-19:06:47.205614 7f5b7963d640 Options.compaction_options_universal.max_merge_width: 4294967295
2021/04/25-19:06:47.205615 7f5b7963d640 Options.compaction_options_universal.max_size_amplification_percent: 200
2021/04/25-19:06:47.205617 7f5b7963d640 Options.compaction_options_universal.compression_size_percent: -1
2021/04/25-19:06:47.205618 7f5b7963d640 Options.compaction_options_universal.stop_style: kCompactionStopStyleTotalSize
2021/04/25-19:06:47.205620 7f5b7963d640 Options.compaction_options_fifo.max_table_files_size: 1073741824
2021/04/25-19:06:47.205621 7f5b7963d640 Options.compaction_options_fifo.allow_compaction: 0
2021/04/25-19:06:47.205624 7f5b7963d640                   Options.table_properties_collectors: 
2021/04/25-19:06:47.205626 7f5b7963d640                   Options.inplace_update_support: 0
2021/04/25-19:06:47.205634 7f5b7963d640                 Options.inplace_update_num_locks: 10000
2021/04/25-19:06:47.205636 7f5b7963d640               Options.memtable_prefix_bloom_size_ratio: 0,000000
2021/04/25-19:06:47.205637 7f5b7963d640               Options.memtable_whole_key_filtering: 0
2021/04/25-19:06:47.205639 7f5b7963d640   Options.memtable_huge_page_size: 0
2021/04/25-19:06:47.205640 7f5b7963d640                           Options.bloom_locality: 0
2021/04/25-19:06:47.205641 7f5b7963d640                    Options.max_successive_merges: 0
2021/04/25-19:06:47.205643 7f5b7963d640                Options.optimize_filters_for_hits: 0
2021/04/25-19:06:47.205644 7f5b7963d640                Options.paranoid_file_checks: 0
2021/04/25-19:06:47.205645 7f5b7963d640                Options.force_consistency_checks: 1
2021/04/25-19:06:47.205647 7f5b7963d640                Options.report_bg_io_stats: 0
2021/04/25-19:06:47.205648 7f5b7963d640                               Options.ttl: 2592000
2021/04/25-19:06:47.205649 7f5b7963d640          Options.periodic_compaction_seconds: 0
2021/04/25-19:06:47.205651 7f5b7963d640                    Options.enable_blob_files: false
2021/04/25-19:06:47.205652 7f5b7963d640                        Options.min_blob_size: 0
2021/04/25-19:06:47.205653 7f5b7963d640                       Options.blob_file_size: 268435456
2021/04/25-19:06:47.205655 7f5b7963d640                Options.blob_compression_type: NoCompression
2021/04/25-19:06:47.205656 7f5b7963d640       Options.enable_blob_garbage_collection: false
2021/04/25-19:06:47.205657 7f5b7963d640   Options.blob_garbage_collection_age_cutoff: 0,250000
2021/04/25-19:06:47.206276 7f5b7963d640 [/version_set.cc:4773] Recovered from manifest file:./db/5/MANIFEST-000024 succeeded,manifest_file_number is 24, next_file_number is 26, last_sequence is 71136, log_number is 21,prev_log_number is 0,max_column_family is 0,min_log_number_to_keep is 0
2021/04/25-19:06:47.206283 7f5b7963d640 [/version_set.cc:4782] Column family [default] (ID 0), log number is 21
2021/04/25-19:06:47.206354 7f5b7963d640 [/version_set.cc:4083] Creating manifest 28
2021/04/25-19:06:47.219227 7f5b7963d640 EVENT_LOG_v1 {"time_micros": 1619352407219223, "job": 1, "event": "recovery_started", "wal_files": [25]}
2021/04/25-19:06:47.219235 7f5b7963d640 [/db_impl/db_impl_open.cc:847] Recovering log #25 mode 2
2021/04/25-19:06:47.219269 7f5b7963d640 [/version_set.cc:4083] Creating manifest 29
2021/04/25-19:06:47.232229 7f5b7963d640 EVENT_LOG_v1 {"time_micros": 1619352407232226, "job": 1, "event": "recovery_finished"}
2021/04/25-19:06:47.232453 7f5b7963d640 [le/delete_scheduler.cc:73] Deleted file ./db/5/000025.log immediately, rate_bytes_per_sec 0, total_trash_size 0 max_trash_db_ratio 0,250000
2021/04/25-19:06:47.241962 7f5b7963d640 [/db_impl/db_impl_open.cc:1701] SstFileManager instance 0x7f5b744fd620
2021/04/25-19:06:47.242008 7f5b7963d640 DB pointer 0x7f5b744fb400
